4.74387
2.71768
6.43701
2.7421
5.06987
6.56415
5.07057
3.89406
5.97132
5.42147
9.46182
5.78061
7.14402
6.64516
4.73153
4.29269
3.55697
7.74768
3.03473
-0.611968
3.37725
3.90471
0.767895
5.10577
3.12129
4.97235
4.61217
3.57315
4.84515
6.80232
5.79152
3.42653
7.94484
6.69239
4.29601
6.4124
7.5442
5.09761
4.40126
7.41682
2.24002
4.72473
4.01099
5.15177
8.51386
4.97849
4.14822
4.33796
3.72538
1.64771
2.92495
6.67399
7.31987
2.2163
2.95933
8.2961
5.33335
4.66
7.97816
0.813356
6.19271
4.97029
6.08276
2.48516
7.34517
6.1704
1.98498
4.76054
6.97611
4.54043
4.1224
2.79851
4.71682
2.68802
6.56683
4.82687
5.20128
4.85984
5.03957
7.39766
4.66852
7.78815
7.31454
5.9462
5.27848
5.12392
5.26653
1.10988
7.08027
4.52507
6.95314
7.0809
3.442
5.08953
9.21003
4.7443
6.62921
-0.998803
7.82516
4.44469
3.96117
4.13486
3.7816
8.36652
6.92178
6.03145
2.39345
6.17903
6.1593
4.71201
3.05654
2.92317
3.52097
6.92728
4.19489
7.52722
4.24944
4.29144
4.05617
4.42467
7.51529
6.14955
6.46474
7.77669
1.52405
6.88386
5.1474
2.84136
8.47966
6.50831
5.33116
4.68899
1.08019
6.21084
10.1881
6.6808
0.89948
2.81497
0.519518
2.87761
4.67399
4.44128
7.46547
6.90066
9.28176
3.95007
2.7467
5.68088
5.65168
0.5374
4.67589
7.51957
8.29785
4.16985
7.21816
6.70977
5.51869
5.84802
5.01726
4.539
1.91307
5.47821
8.03572
6.83984
3.26078
2.01674
3.63773
4.3473
3.9583
3.2565
9.71795
-0.238927
5.53362
4.44079
1.2054
6.74814
4.97734
3.96921
5.53732
8.54039
4.6116
4.52966
3.00886
5.60748
3.96033
1.6887
5.51402
5.78481
9.1618
3.78924
5.48834
1.9807
4.44547
2.36119
6.87629
6.04592
3.41506
6.70923
6.58842
6.715
4.74955
5.09814
6.36116
2.51768
2.25869
3.6769
4.34723
4.35907
5.84823
5.30592
4.68508
5.07908
4.78796
5.10541
3.43503
5.06904
3.48578
6.12096
4.4315
3.29232
6.68197
1.21498
6.6777
7.16856
4.61756
6.20691
1.687
4.42655
1.47756
3.68606
5.3033
1.8651
5.87764
6.50851
3.38883
0.307976
2.81412
6.14948
1.56796
7.38545
7.66196
5.0769
7.35536
1.95102
1.81095
5.22026
5.54475
3.91555
3.48938
2.04143
4.62536
1.71574
5.17401
4.11015
5.90364
0.7841
5.89733
4.8147
6.24315
5.40158
5.62289
7.69846
3.51116
4.42291
7.5184
7.21466
3.85256
2.7069
4.20543
3.97435
4.19556
5.14608
4.74597
5.15767
4.73921
6.59542
5.74607
7.43157
2.38736
5.14921
7.20792
10.2242
6.20849
9.14224
6.65272
8.87803
5.23806
-1.14182
5.05012
3.93619
9.5127
7.10503
4.83991
8.26965
4.73034
9.03961
2.86426
7.01236
5.51977
1.25136
6.0988
2.01734
5.6656
4.55063
6.12274
5.39022
5.78366
3.54064
7.56296
3.45376
6.66495
1.14966
7.95159
4.92102
4.54605
4.55942
2.4689
1.01679
3.93247
5.36719
1.25405
5.37349
7.66728
5.74283
5.25099
6.38242
4.6484
5.43126
4.24415
5.3874
8.69461
3.24031
6.19786
6.39213
4.93112
7.01871
8.1506
2.9422
4.90987
3.29416
2.74614
7.96801
4.83467
-2.78115
4.65031
3.40174
5.6951
2.21062
1.21207
7.46233
2.73618
5.64543
4.05715
7.39574
9.59205
4.36614
3.84149
7.43406
3.12106
4.12327
2.39665
7.34421
6.54712
5.37591
1.37428
5.25412
5.90154
7.23443
2.477
4.69241
7.28699
6.28723
2.91267
2.54083
3.02905
6.6111
3.61994
4.58988
0.972714
8.44151
3.02438
2.13023
2.94476
9.97488
7.16229
5.56957
5.22163
2.06717
6.63939
6.06897
7.57586
7.87952
0.835042
5.82266
1.42281
4.07693
5.91559
0.745701
1.92861
6.17409
5.97887
4.11486
8.16622
7.27333
3.94414
9.08998
3.99771
5.36768
3.28403
3.83063
5.43615
6.84006
6.36068
8.7467
2.10676
4.36162
3.06862
3.28119
6.17916
4.9411
6.40606
3.59337
5.17594
6.10276
5.01147
2.70532
2.81724
5.02894
2.78105
8.30816
7.03652
5.86482
4.40995
3.32602
6.26923
8.43613
4.35975
4.33662
6.57251
5.69714
7.70389
2.85801
3.58674
6.89479
3.57917
6.05978
4.25073
8.09819
4.69794
5.55488
3.68714
6.34359
6.38325
4.61468
1.74791
7.63857
6.22065
3.7334
2.52806
8.25063
6.29695
4.47195
7.40476
4.22719
6.93562
1.01683
5.73035
5.79223
0.925065
3.2542
5.36615
5.62744
6.13415
7.79765
3.40196
4.20801
4.4404
8.41217
6.58265
2.71719
4.18045
3.92088
3.77299
5.27273
6.04721
1.94406
4.3927
1.8319
5.04955
6.58954
5.65373
7.14695
8.13135
7.68927
2.86973
5.3388
5.27542
2.65772
4.37453
6.75979
6.1017
4.46439
8.88051
3.97388
-0.0167189
3.37996
8.20082
-0.965084
3.30708
8.52935
3.65818
1.69395
6.74827
7.92336
0.777301
4.81865
4.34157
2.89231
2.63424
3.81934
2.04259
5.42445
10.1438
5.65519
4.10422
5.75665
10.481
6.82004
6.87556
5.97255
7.50319
3.27776
7.54596
0.536581
8.14898
8.16488
4.77395
4.33513
4.40512
2.43309
3.3225
7.87631
4.66275
3.29634
6.43575
1.079
3.51444
5.10763
5.25967
2.95543
7.48512
5.35378
3.95755
3.36101
3.64126
5.30449
4.93538
5.13336
2.16214
4.34861
6.60235
7.40434
3.06403
6.0708
6.1003
2.89552
-0.978378
8.164
4.74966
3.14634
6.72281
5.6851
5.31393
2.99257
5.25593
7.08599
6.54325
4.95422
8.35428
5.64754
4.1353
2.63136
4.37656
5.97508
6.04707
6.7054
3.12498
5.12073
3.53934
7.14476
6.50384
7.65522
4.67596
2.4991
4.34649
2.57421
2.50174
2.14578
7.32118
2.07997
1.47968
4.87361
3.22513
3.30491
7.43343
5.34066
6.89612
5.27173
7.88982
3.52921
6.40218
7.63594
4.61976
5.78471
6.22845
3.56233
4.80484
4.26729
5.83995
2.34145
8.13502
5.56002
6.35982
5.73882
4.9998
5.43516
6.747
7.28782
3.87021
3.28964
4.59119
6.66806
5.22949
6.90985
3.16838
3.3578
3.80142
0.818043
7.12998
6.11505
8.44937
5.58539
3.89876
8.0551
7.12497
7.66687
3.00062
2.74816
4.85304
5.77402
5.93605
7.71657
1.93491
1.72268
8.77453
6.12098
1.54401
5.98103
5.84025
4.0778
6.1207
2.66768
4.60521
3.60685
1.8405
4.92489
6.65629
4.37966
5.70241
4.91136
2.69533
5.49509
3.21534
4.9993
4.10318
2.66049
3.94683
3.61279
3.59167
6.64508
6.85331
11.0378
2.78915
1.26953
5.28311
6.71473
7.649
4.13984
3.9049
6.86725
5.51207
3.82282
3.95248
4.07784
5.66896
4.4557
4.56685
4.29926
7.31883
5.10756
5.35779
5.07109
6.13827
6.97088
2.21821
8.44541
3.49146
-0.422626
3.7654
6.88687
-0.432631
3.02838
9.34637
4.011
8.99192
6.48381
2.27204
6.8879
3.54132
3.31038
4.59711
8.57902
4.71379
5.48562
4.41324
9.138
7.65616
5.05066
7.89765
3.89164
9.44816
3.51463
3.16029
6.95385
6.09117
3.7879
7.34118
4.12521
6.06717
4.19866
3.94611
8.19331
1.40563
2.4909
6.12167
3.97367
4.82676
5.97042
3.73114
8.36216
5.242
5.05132
2.65584
6.58404
3.20813
5.91487
3.50591
5.34621
6.37422
3.24507
6.12234
4.05836
3.49846
3.15743
5.83514
7.28375
8.64608
4.31578
3.14087
4.59258
1.7569
4.19115
6.52315
9.49854
0.641509
4.19952
4.05304
6.513
6.51072
5.82936
5.27207
2.20268
3.07141
6.64163
6.40154
3.85958
0.347311
4.60503
3.94162
3.13092
7.49479
5.69477
5.82107
2.11377
4.00643
3.21938
4.25357
4.7891
3.26074
5.99566
8.7989
6.31585
2.41772
4.68574
9.09719
8.43847
5.17582
8.7103
10.2935
3.43244
3.15501
7.68889
2.57291
4.34655
7.01983
3.99102
3.57645
4.81078
2.5293
6.22456
2.87494
8.01789
5.38974
4.53182
8.58127
5.62365
8.77552
5.90696
7.0326
7.18755
2.52759
4.07728
7.28556
2.76438
2.20443
4.91511
5.344
1.69544
7.66324
2.54335
7.54295
5.76651
3.93316
4.40269
6.35767
6.28824
5.04395
4.8327
2.6545
2.54164
6.23671
6.63964
4.18531
3.35908
6.94266
5.59648
7.52978
3.97543
3.87047
5.38227
1.39275
6.96473
3.60866
3.98323
4.22009
5.39133
3.79484
3.55587
3.84137
2.71224
6.15582
5.43704
6.29362
7.44832
3.80317
3.42843
4.96814
4.06875
4.46988
5.63528
6.32918
3.85358
2.21996
5.38343
4.34222
6.17415
7.82635
2.83182
1.003
6.89719
2.90639
2.5389
6.08543
5.40635
3.64178
7.08181
4.11842
4.64584
5.15329
2.05513
9.67751
6.79938
4.0136
4.07257
4.6533
6.44876
6.16489
3.82444
5.57446
7.62622
6.68782
7.58004
2.23693
5.05801
4.30228
1.43237
10.293
5.86508
3.3293
7.6359
5.29718
4.60046
2.90836
4.30368
6.30233
8.49052
4.63704
3.72697
5.74671
3.07153
2.33576
7.78502
3.06611
4.92067
4.52628
2.7893
5.96435
1.66045
4.17672
4.25461
3.24346
5.43871
6.33573
4.49808
5.8003
7.76774
5.15171
7.87756
2.6026
8.268
5.55369
2.16249
2.79652
6.88373
3.06366
3.46185
0.993082
5.16241
6.14346
6.96515
3.77586
4.00508
3.94335
5.50347
4.27707
3.98624
4.24529
7.05485
6.32223
2.91605
3.5819
3.81266
2.98043
3.89143
6.1309
5.37149
4.36212
8.09822
4.21937
3.19282
7.90369
3.2774
6.01247
5.75565
8.83562
3.03428
3.95986
9.8084
3.40476
6.82164
5.28287
3.2373
3.35156
4.0926
7.0085
6.74904
5.37787
4.13898
4.9348
4.07918
2.11814
4.13765
4.16616
5.88811
4.71055
7.79919
1.59594
2.93693
5.04877
6.85919
-2.87324
7.57153
6.0358
4.42442
1.0111
5.7204
5.82709
4.76024
6.97147
8.75797
0.156546
5.64121
3.74879
5.1057
5.37405
3.13817
7.32094
6.04008
2.751
5.9091
6.7323
7.48432
5.4152
5.23065
4.63729
3.83911
3.83845
3.4
3.28745
10.7042
6.93126
6.22931
1.51572
6.80951
3.73458
6.41054
3.25338
3.63115
7.23336
8.75174
2.03864
4.26735
4.717
5.87678
4.27228
4.04544
5.85828
3.29198
2.97057
6.8543
1.78127
7.58849
2.9646
4.18614
7.36667
5.13619
4.46271
6.63012
6.50017
5.28958
5.74851
2.91256
5.62821
7.07574
0.306206
5.9849
1.19962
5.93098
2.29902
5.66979
5.57016
8.19081
8.14676
4.83431
3.14479
7.54824
6.46958
3.77437
3.52205
3.66212
0.331037
5.94573
4.21561
1.36707
6.5944
4.98606
1.45792
4.16357
5.75671
1.26946
2.78461
5.72899
1.74867
8.0577
8.57794
4.26696
4.04348
5.22179
3.69597
3.95306
4.94342
3.39459
3.26074
5.88868
4.6457
5.53563
3.33533
3.51079
2.49856
6.39484
5.87848
6.66203
3.1525
3.65715
5.47513
6.72768
5.61855
6.69959
5.12304
7.38619
4.56728
4.98752
5.41675
2.40432
2.66718
6.93265
1.9085
4.07954
3.11329
4.62766
2.22652
0.0202313
7.75741
6.41745
8.44345
0.973792
9.16654
2.28415
1.71461
4.69614
5.86859
5.02687
8.83085
3.31992
6.24251
3.66615
4.17914
4.29318
4.80684
8.68336
3.3797
5.65132
4.37645
8.09865
5.63554
2.66133
5.73166
7.39717
4.87902
2.0073
3.4255
8.46617
5.22802
6.64082
11.301
2.34667
2.62226
5.65055
3.58079
8.33417
7.30939
4.00345
2.65903
2.3889
2.2854
8.03268
7.61255
9.15904
8.83227
2.60523
2.78831
6.70693
5.96115
7.18383
3.14807
7.57435
5.18802
5.95055
5.10468
4.0793
4.95332
1.08643
4.08763
8.23862
4.96703
4.65504
8.96774
3.60375
0.441543
7.56039
1.03589
4.91607
4.17418
6.80826
6.26926
5.9368
5.5892
1.79066
4.98
6.63385
7.73032
3.53213
3.75563
8.94759
8.62847
5.86718
7.07289
6.45327
5.75047
5.92764
5.81796
-1.66398
4.22303
5.01886
6.46042
4.77916
4.93471
8.20746
5.17201
8.92935
4.55393
3.58615
2.66637
4.08485
8.19808
1.80395
4.55914
2.09198
7.72922
3.61677
5.61194
3.71752
3.74083
3.9105
3.75723
6.52353
1.58995
5.98314
3.65032
4.83841
5.47632
6.508
4.91874
5.26384
7.88081
6.49735
4.78449
1.44329
4.94377
2.5649
8.51361
6.15145
6.55253
6.84458
7.64445
4.24731
10.2885
6.48076
3.10906
6.95479
3.97628
8.31637
2.59615
7.08947
6.63429
2.46317
4.96968
4.18085
4.47648
2.9381
0.632833
4.53404
4.74038
3.82866
2.33464
9.0703
3.12896
4.65833
10.5023
3.08751
4.57072
3.49693
2.5723
6.07891
5.27912
3.66328
5.1622
5.19843
4.10839
5.73776
3.56392
2.84302
5.76279
5.1763
5.62592
5.92658
4.11671
2.03996
4.70257
3.04766
6.43604
6.47158
3.36929
5.23663
6.1407
1.645
6.43809
5.48472
5.12538
8.37052
5.14913
6.24671
4.63226
6.71366
8.55556
4.31296
6.09296
7.62871
8.97561
6.07961
6.20793
8.09238
3.96422
6.1567
4.3774
6.28517
4.1589
0.800444
5.54764
4.38549
6.36511
4.18001
3.59975
6.5211
6.65867
5.27312
7.28567
5.89793
8.03947
5.71411
9.74901
5.94921
4.71765
3.60163
2.52937
7.9087
9.90381
5.3684
4.80671
6.27719
5.04083
4.91363
5.69439
4.11889
1.96622
4.49721
7.90617
4.58198
1.64731
2.65046
6.21251
3.87177
1.40896
3.93398
5.44976
0.242266
7.04637
4.02497
0.205848
6.46528
5.87146
1.50015
6.46777
3.77378
4.46991
7.57048
3.24586
6.49808
7.15718
5.51711
3.85467
8.97403
5.57877
2.3316
2.08015
-0.107888
1.13642
3.25804
6.46505
4.59723
5.82441
8.54303
4.42853
5.68077
4.24622
6.00269
5.1947
6.73444
6.86541
3.62051
2.97564
3.49834
9.97071
6.70511
9.98847
1.82955
4.39058
8.155
1.34772
6.18984
5.11636
3.53495
5.39222
7.55116
6.19176
4.27989
5.75712
7.45783
5.03827
7.1705
6.9383
3.40925
3.98454
2.76893
2.88067
5.59274
2.25876
3.90429
5.60707
5.53696
4.43057
6.3304
5.17852
4.51369
6.62429
4.11747
4.85655
3.21248
4.99566
5.88976
3.00938
8.50578
5.9038
3.87712
1.67801
5.44284
5.0035
3.41379
4.86032
3.77091
5.85735
2.55133
9.32619
5.59249
8.85539
5.70596
6.35132
4.49204
5.34382
5.03255
3.3376
7.15713
4.18001
6.00254
5.89646
2.95104
8.61163
4.20867
4.57566
1.36113
8.54836
8.47608
5.67142
3.57281
6.26143
5.87378
3.12132
6.99336
0.702386
4.68582
7.2664
0.999145
4.24457
7.6308
6.69353
2.41838
4.91102
3.38378
4.16094
7.07251
8.50024
1.65555
5.72401
4.13523
5.81987
2.51281
5.68993
6.28788
5.35392
4.42613
4.69995
6.10905
1.59794
1.09631
4.86289
3.73141
5.55865
4.19508
5.23318
8.13174
7.07811
8.9758
8.6747
4.58991
4.62589
4.756
2.11555
2.40409
1.79592
4.64485
7.33689
3.399
5.50691
8.27417
5.88701
1.72815
6.52228
2.18191
2.27196
4.81429
6.17613
6.84327
2.71402
5.51414
6.09533
4.75722
2.8862
2.20925
6.40287
7.27538
3.25863
6.7202
6.39157
5.04698
3.96634
5.25181
6.25132
6.82615
0.16943
4.45328
6.41126
4.08237
6.13497
3.3862
6.02846
4.38234
4.43494
3.31393
6.06293
6.55423
6.29771
5.31558
3.90093
4.37371
1.36764
6.32171
4.50617
2.89857
4.53563
2.55764
3.27301
3.89174
3.02289
5.12388
3.17469
6.13709
6.55427
6.72131
1.91313
2.25199
2.33794
3.90078
2.92818
3.32
3.36909
5.04979
6.52634
5.16664
6.86537
3.84362
1.62212
7.82496
6.51061
3.30708
6.11296
6.69912
5.45884
6.76821
4.93617
4.21236
6.56032
4.99321
6.26789
4.33344
2.57485
7.75402
2.40255
5.38593
3.61964
7.54182
5.84797
2.78397
5.04265
6.1964
5.72379
5.64458
3.91467
4.63533
8.58192
0.155312
1.35327
6.53064
1.66309
3.2226
8.48977
3.60783
5.78568
7.21559
0.987363
7.86568
4.78589
6.18123
3.72288
6.27253
4.81624
1.37405
5.04087
5.50168
5.17889
8.52031
6.50956
3.75983
2.40872
3.97569
10.9264
3.05176
3.00108
5.88267
8.15051
5.28401
4.80076
4.72452
3.63208
3.97839
4.00353
8.50096
6.62017
4.52269
5.02504
5.22441
4.05817
2.0721
5.91969
4.32656
4.11654
5.75986
6.3996
4.95598
1.47493
2.21399
4.41269
-0.193541
2.46193
5.7758
6.2562
6.40617
1.61583
2.25599
6.37982
5.40564
5.3167
4.50514
3.04064
5.62173
1.02528
6.54198
3.52378
3.43494
6.25735
7.24807
3.42901
6.39192
8.1775
4.94339
6.82134
4.69839
7.9724
4.67369
6.76923
6.78355
4.81925
8.9778
-0.884097
6.10298
3.79575
4.45274
7.42666
5.84227
6.31885
2.76442
3.25782
4.39862
5.47434
4.01695
3.54384
4.52812
4.11052
4.58117
2.81541
6.56301
8.77104
1.43018
1.66948
7.43008
2.26625
3.99595
3.87347
5.62705
4.27954
8.52211
4.59269
6.56264
9.94812
7.74357
8.69681
5.57953
1.49901
9.70568
6.92524
2.90283
6.75846
2.93173
6.24243
7.04964
4.01327
5.33628
2.05828
0.0316077
2.65891
1.77794
5.47743
7.34202
6.76811
0.340594
4.67938
3.89848
4.23216
6.60844
7.75343
3.98247
0.469314
2.61991
2.6454
2.92184
4.48269
3.93429
7.67083
5.78847
5.28807
7.3567
6.31071
5.54297
2.20342
4.83746
5.98293
6.43646
6.67041
6.27186
2.73456
5.35064
1.83237
6.05877
3.93572
5.72597
2.69178
6.53981
8.2668
4.37245
6.45946
3.0057
4.45374
4.82373
6.49277
6.78358
5.20873
1.98836
2.94029
5.32043
4.19292
6.56629
6.25336
2.62536
6.73138
3.80006
3.86488
7.88956
3.33061
5.63052
7.77158
4.82396
4.92501
6.06906
8.69004
6.28657
4.64844
2.95985
6.18941
4.60939
5.91047
3.22498
3.02294
7.37607
6.68644
8.85085
4.80087
7.38415
4.60775
7.03185
5.04171
3.71489
3.56445
6.60607
3.57197
2.60101
9.26309
10.8601
3.61801
6.11594
7.43875
5.90802
5.75508
6.34076
5.41023
8.68814
7.2094
4.955
5.23574
8.91893
6.15263
4.63775
5.64473
5.59249
8.57351
6.59056
8.7717
6.29917
4.27
4.96412
4.19129
4.24448
1.81273
3.84737
6.43998
4.98268
7.66757
5.64855
2.98285
5.21628
8.61281
4.86082
9.31807
7.62421
4.04289
2.29625
5.69782
5.93825
5.82151
9.62866
3.5301
8.03246
7.29905
5.30639
2.49824
5.60502
8.03866
6.61276
6.35168
3.11776
3.45773
6.80164
6.88428
1.67425
5.50006
3.81227
6.45378
5.77443
6.21339
4.85299
3.09867
3.58619
5.68425
4.50773
2.12325
8.58288
5.3409
4.39
3.86362
5.18696
6.20543
0.697617
5.4105
5.81123
5.48707
4.86432
8.11636
7.81283
3.80202
3.69024
5.80479
3.94629
3.42542
3.35433
2.25407
6.33395
6.41413
-0.458333
7.24896
6.27626
5.53919
7.18994
1.67983
3.04323
2.40831
4.93651
4.97217
6.216
5.79896
3.59426
4.00168
4.53084
6.78857
5.17926
6.82226
2.06264
3.05679
8.95949
5.71555
4.48795
3.80373
7.79142
6.41408
2.86335
7.09343
6.96614
7.77908
8.017
3.66248
0.872129
2.04145
1.40225
3.47836
7.32733
4.84202
6.68223
4.71849
5.75666
6.88468
3.94429
0.772748
2.3126
4.61406
-1.93384
4.32659
5.95762
2.53724
4.02634
6.56069
2.81651
5.25718
8.06178
6.05718
3.43301
7.33701
5.94573
3.33085
6.24576
4.93676
1.75182
6.25149
5.10907
3.27186
5.03868
5.51155
4.59657
5.89475
6.22873
3.20212
4.02997
6.22654
3.92564
4.0673
6.15028
6.32865
6.07294
1.89866
6.79022
5.32448
4.53285
3.3749
10.0175
6.19673
7.66756
4.04821
5.24296
7.93717
6.13169
3.99101
4.35002
4.20457
-0.447129
5.63548
7.35142
3.14294
3.4988
5.79367
7.59956
4.9429
7.48727
4.5456
6.37076
5.83005
5.14444
4.59498
4.11405
3.53999
3.4759
8.03692
3.65259
6.83099
2.25326
2.97617
4.61255
3.63906
5.73254
7.00388
4.56853
4.75589
6.29939
6.42715
4.73173
4.58013
3.12101
6.1842
3.55924
3.92919
5.3539
5.80541
6.06486
7.69318
7.15181
5.28999
5.72413
5.44228
4.08588
4.25095
7.1804
3.14993
5.77595
5.58013
3.42862
7.27963
6.73884
6.76157
4.59975
5.52028
6.77126
6.51299
4.78145
2.63872
4.74775
6.29117
5.53843
6.18743
6.94073
5.88891
3.32175
6.17799
6.69608
3.28006
5.15814
6.75064
-0.293019
3.92815
6.83104
6.49435
3.40265
7.17905
1.38244
5.75351
3.24331
1.26173
1.41447
3.21909
5.28221
5.9845
4.92337
8.08488
2.42499
5.22552
0.780321
2.87193
8.45393
7.1391
1.5267
2.92518
3.82961
6.3802
2.19023
4.12044
4.50671
5.8326
5.18882
9.65582
1.79982
3.32684
6.87305
5.33755
8.18906
10.4504
4.949
4.23906
5.37641
5.41687
1.65245
3.90549
5.37834
3.51406
3.70219
7.25673
4.85057
6.56627
5.9037
-1.14467
2.07021
3.51149
6.58827
6.1987
4.37695
5.42359
5.58533
1.76846
2.87098
5.21099
5.60991
4.23655
4.1525
10.2824
3.90125
1.29997
6.58778
4.13554
5.32952
4.54828
7.22911
6.19712
6.52179
4.50842
5.59722
8.99298
8.5914
3.19583
6.54405
5.22078
4.47505
5.06401
7.39231
4.515
5.27796
6.64167
6.97924
3.03914
7.22184
-1.09838
3.36882
5.33678
4.3
5.99096
4.82995
8.75015
5.69545
3.14881
5.69017
1.91567
7.2931
8.1921
9.34199
0.609315
3.66664
5.45814
5.42207
4.70934
9.57362
7.49113
7.41556
3.32671
3.88375
3.38239
4.99326
5.75846
3.52471
2.6334
7.30426
6.27783
4.67588
5.93324
9.82639
4.65538
4.23468
7.79435
7.33415
5.57874
5.48198
4.2906
2.32646
2.65064
7.38068
5.8096
6.69659
2.46929
2.97152
6.57471
8.00056
6.65396
3.9749
5.75754
7.62001
10.0007
2.87816
5.69819
3.4945
5.89777
7.0807
2.12061
6.38849
2.71274
4.05159
7.65006
1.01952
3.49445
3.45397
5.17423
6.20601
4.91797
2.51517
6.09646
6.85303
-0.260665
5.68851
7.2822
6.14711
3.65239
4.69494
1.5464
4.804
1.47786
7.1348
5.08693
1.41379
1.83415
0.817958
6.17679
6.39681
3.06994
0.252693
4.70856
6.30959
6.6246
11.2758
4.23041
4.93396
5.77803
7.73842
5.11847
2.36791
6.0422
2.98776
7.69605
3.59842
5.07258
3.68531
2.22871
5.79622
4.44028
5.22419
3.42248
2.3383
5.16287
3.94725
2.27188
3.38588
0.843589
3.13013
4.63867
4.68111
2.27587
5.27138
4.83311
3.55807
3.235
0.254639
4.43746
5.06462
3.96637
8.89927
5.66247
6.00754
6.97419
4.58173
8.21997
-1.35068
2.82947
5.29684
4.67018
8.5271
1.79407
7.27427
5.21108
0.668122
2.36043
1.94663
6.05841
3.29034
6.32403
4.05384
5.23713
2.83109
8.47226
3.4988
4.05451
6.80106
7.61683
2.40396
3.53732
-0.433814
1.46366
5.29081
1.90622
7.44539
3.28117
5.51517
6.42101
3.8531
2.41669
3.46559
5.77749
5.55243
8.92443
4.95148
6.66275
5.03459
4.78602
6.37182
5.51272
10.0862
6.27142
3.75546
4.15334
6.86656
1.93499
7.262
7.16928
3.22046
4.91077
7.47779
8.37994
6.59594
8.61343
5.26026
6.24587
4.9582
6.30167
4.11776
5.52055
3.06346
5.22167
4.02606
3.83294
9.06406
4.45207
7.09238
7.04285
5.0204
6.06296
3.71398
6.62982
6.16102
0.707605
4.60424
3.05167
4.9812
7.79903
5.99384
4.37668
3.82878
3.43121
4.09034
5.86102
-0.86844
5.53148
2.69494
5.09298
5.70819
1.8582
4.41657
2.27197
5.54719
7.30225
4.42717
1.13808
5.84036
6.76836
5.01066
4.28018
2.85606
5.81307
5.47401
5.93802
2.48281
9.68675
4.88681
3.06622
5.47571
6.52321
5.26178
6.6167
4.52335
3.67558
4.91381
3.26916
3.98607
6.4937
7.16303
4.83167
4.35183
6.8732
4.31603
5.13603
8.0268
2.1368
4.2763
0.443974
-0.233382
3.80339
2.708
8.17831
1.02896
6.64515
4.13149
4.95662
6.16268
1.27779
5.7584
6.5993
2.11782
2.59745
6.0669
9.65847
4.75793
2.27632
8.22923
4.50551
6.14003
3.26388
6.51203
4.08279
6.73889
4.61525
6.24164
4.85954
7.32206
1.35784
3.34918
2.35661
6.5053
3.99565
3.23447
4.66932
7.78679
4.52158
7.94885
4.48766
7.69026
5.12705
5.97823
4.69083
6.13209
4.69601
7.38172
4.8029
7.89026
7.22591
6.07262
2.03287
2.28946
6.81169
5.42402
5.47094
2.12765
5.71885
4.08659
4.87289
4.58467
4.37256
5.21207
3.07773
8.66704
3.6392
3.293
4.57151
4.8248
7.09691
3.38889
3.65369
3.63673
7.01217
11.0622
6.2082
7.33903
3.85151
6.58614
7.91338
7.49093
6.46578
2.92713
5.52586
7.98158
2.1551
6.24876
5.86143
7.11142
5.95029
4.08135
2.41169
6.47189
8.32623
3.19586
7.36445
4.80609
5.07513
3.73326
4.46022
3.1315
7.36207
1.45744
6.12645
6.3494
5.08419
7.98102
0.724059
4.42833
6.7087
5.85083
6.69531
5.13973
1.37703
5.47589
4.79433
7.80954
0.672443
5.90812
6.05394
4.14162
6.54465
3.69319
5.02592
3.23799
5.41802
6.88678
3.33565
8.08869
4.99651
0.687774
7.6435
4.48666
7.65622
5.35465
5.18808
4.60079
2.39098
0.29063
3.33487
3.15784
-0.193892
8.2421
5.74723
7.12119
4.6266
5.9125
2.73911
4.77144
6.03302
5.77727
2.04388
3.60764
6.6898
5.20584
0.104403
4.84538
2.45025
4.35928
3.01743
7.25035
4.52719
8.24268
5.94227
8.94729
5.97834
4.23339
2.46588
5.48627
2.42355
4.69694
5.9523
8.49887
2.59973
8.37329
6.90198
7.92018
7.24694
5.80289
2.33155
6.29098
4.37696
-0.78806
1.76558
8.95896
4.18692
1.69172
7.19011
5.59803
5.15928
0.548648
3.66892
6.60413
1.73192
4.69538
5.04511
6.04636
5.9528
7.51208
5.29702
5.33881
4.93943
4.73203
3.94924
4.16649
5.99607
2.98466
4.28413
6.99001
6.67763
3.48616
5.98032
3.35448
3.22333
6.05755
1.29786
5.08385
4.10137
3.28153
4.77939
7.34022
6.40473
7.67487
3.55783
6.73484
5.42219
7.56562
4.05199
6.79356
2.77428
-1.7959
1.55949
3.91447
3.95055
6.12966
5.96422
7.68001
5.44856
3.55782
4.34811
7.10176
4.35373
5.57891
5.27646
4.53659
6.50893
2.87586
3.63495
4.4333
2.69796
3.40444
5.17517
3.78719
4.29757
3.11244
6.99816
1.27276
5.6491
6.86889
5.95736
5.34696
2.38037
1.27391
4.32029
2.59414
1.41423
5.65662
7.63114
6.94771
4.08907
2.25315
6.43988
5.25167
3.53587
4.77726
1.60777
4.95015
5.40598
4.32991
5.51829
9.06988
6.4363
2.89308
7.52677
5.998
2.83867
3.63955
3.53697
3.29999
3.33219
7.0719
6.24943
2.94496
6.586
5.36158
9.31366
7.64391
5.91909
4.96746
7.11001
4.45352
8.15255
4.90694
4.20659
1.93724
2.85226
4.7169
6.00408
4.32346
4.55421
8.96314
5.82748
6.74865
2.95591
7.32802
6.49169
7.52236
1.88052
2.4056
4.24161
3.16727
5.61094
7.01918
5.05276
6.11994
3.89485
3.89974
3.4746
4.79201
7.80495
7.19704
1.47224
4.48596
3.75517
5.42893
3.4554
2.83033
6.65896
1.32242
7.56737
4.92029
3.42347
3.01572
5.90563
6.50467
6.04834
2.16966
5.926
4.74004
4.28301
3.95805
7.55938
5.41707
1.19833
5.18927
4.00736
6.03762
2.11893
5.38313
2.47706
0.583671
2.66601
5.50118
7.79563
5.64341
3.18667
6.42944
-0.818839
4.34879
6.83838
-0.261546
2.46923
5.78048
9.43526
8.12604
10.3465
7.22125
3.42768
0.38748
4.97254
6.94028
4.57444
5.73489
3.47051
5.84205
8.21046
2.33261
6.62515
4.90758
7.82568
2.73542
5.92053
5.29874
6.99331
6.17853
4.15406
4.15679
2.77371
5.52102
6.06432
4.78247
5.37619
3.13285
3.57888
6.12378
5.386
9.72498
3.9456
5.97966
3.53367
6.72524
6.9577
6.74985
3.33226
5.71746
5.20232
5.04705
6.59561
5.89106
4.00556
3.70296
5.53827
8.19794
3.27023
5.25135
6.07635
4.89104
7.07315
3.76539
4.89732
4.9979
1.77994
4.14692
7.01944
1.92457
5.11144
4.09074
7.54504
3.37765
5.03409
2.27386
6.37803
5.47806
6.94391
7.85611
4.47463
6.0066
2.39319
4.55433
4.40938
3.57518
5.08876
5.62003
2.87621
2.04212
9.29473
4.84096
3.86024
4.26861
2.27296
7.29684
4.79789
4.68721
4.29677
4.96002
6.30942
7.14109
4.89795
7.46982
6.37797
7.16555
2.70859
3.19577
2.77055
5.51214
2.76531
3.86728
2.35935
7.77519
2.88217
6.3617
5.06044
5.4058
4.94322
7.63143
4.15277
6.58932
1.71961
3.16373
3.79033
7.24107
2.73318
1.78151
2.45166
5.45279
2.96229
8.98734
1.44928
-0.14251
2.4344
5.10578
6.74675
7.79605
7.38383
5.72806
3.36856
4.75749
7.10386
2.94579
2.97709
11.0694
5.58608
4.32691
5.11104
6.86491
8.10082
4.14749
5.89839
7.50436
4.5063
4.13495
8.93651
2.94857
5.33047
6.25023
4.14398
5.424
5.83075
4.25482
4.98991
8.17283
6.89505
6.02302
6.35235
7.86247
1.17206
5.03393
4.25028
6.15746
5.92031
5.79834
2.98327
5.85274
6.68612
6.59175
3.9512
4.15758
6.33062
4.31873
0.185284
5.53973
3.04763
3.97072
5.2126
6.41103
6.38425
5.76261
7.49752
1.55951
5.90948
-0.198108
3.73628
5.44401
5.36005
1.13716
4.79743
3.50604
4.18505
4.15283
3.85121
5.01587
4.75273
3.95834
6.91015
5.25955
5.24875
5.71022
5.04402
5.93965
8.28485
2.65353
3.32983
3.86501
5.15234
6.12603
6.3506
3.39159
9.82887
3.76646
7.80156
1.78628
7.10445
2.72952
5.08279
4.36848
2.56898
5.93597
0.675136
8.16664
5.18364
1.77134
3.37461
4.14826
4.22731
2.51758
4.94731
7.29756
2.15399
9.68826
3.90534
7.77798
3.50069
3.5377
2.44502
4.98479
7.4215
0.293677
8.08578
8.03921
5.90643
8.10522
0.459838
6.15187
6.4247
0.500903
-2.03226
4.34563
4.8367
5.11776
3.15084
6.28872
4.97355
4.24686
6.66356
5.77652
5.99632
1.90778
5.22447
9.87973
6.80335
4.5537
6.33048
6.63394
3.57688
3.13197
3.92638
6.01073
2.92389
6.06874
3.0064
5.5314
6.76858
1.02807
2.49929
8.36875
2.68142
4.66034
5.24763
3.73705
4.92897
4.32643
5.59748
4.02356
8.08255
3.84274
5.80086
4.90696
6.48687
4.12884
5.337
6.56457
1.78555
4.8063
3.74102
5.72358
6.10754
9.04263
7.53674
6.81053
7.84925
5.99968
3.0637
5.69645
6.87472
4.25366
2.59838
2.58036
8.75073
7.10181
5.64262
6.50551
5.15384
3.3243
3.32772
5.36953
2.88075
5.58992
5.67973
9.00946
4.05963
2.57992
0.624338
1.45127
9.20727
6.09638
5.05269
5.48951
7.13077
4.16184
4.98466
8.23425
8.07745
6.24509
4.40699
3.8687
4.12778
3.95867
4.29395
1.32433
6.72042
5.01547
6.16988
1.95842
5.43254
4.49415
6.26135
4.70816
3.04824
8.4409
6.22829
5.28688
5.80454
0.0535958
2.81133
1.56719
6.04689
3.79456
6.25822
2.559
5.32103
4.1957
5.94852
2.51779
1.20715
5.32905
4.65052
5.43028
1.81257
0.946531
5.44956
2.26822
4.743
8.199
6.7447
6.49995
6.08468
4.31929
5.82782
-0.213071
4.54904
2.96766
3.60633
9.32534
0.457617
7.80441
5.54972
3.74109
6.00563
8.62584
6.04161
4.11113
8.70018
6.76907
5.59037
6.87861
8.11462
6.70331
2.33538
9.26857
2.95677
7.48538
1.60549
3.69128
5.66112
0.479113
6.76024
6.22125
1.41392
7.69962
6.00799
3.61562
0.46547
5.63564
2.38257
5.07904
4.63789
4.83031
1.90169
6.19337
3.53728
2.63322
5.06591
5.57774
6.2147
7.0353
8.28439
7.40464
1.68577
4.16778
-1.0833
3.94537
5.63199
4.53517
4.59946
3.75935
10.5696
5.7135
4.36113
5.40177
4.3345
6.18185
3.65959
2.8949
2.07153
2.33533
3.62919
5.41416
2.14264
2.10608
5.27538
2.82779
3.64583
4.19726
3.4201
5.04756
1.63224
7.68664
7.58353
3.80652
5.21241
5.77612
3.43321
3.05806
3.36762
2.07969
6.79426
5.87032
6.55318
5.2554
0.577307
3.15305
3.67349
8.46034
5.58211
3.6681
3.03485
7.12675
5.95987
2.76909
3.76279
6.37095
5.49472
3.93121
6.90365
7.04092
6.15588
7.95588
3.48736
6.65179
2.38065
4.05303
4.82328
4.39149
8.01144
5.48169
5.69916
3.91393
4.92254
4.7661
3.1883
5.04135
3.22077
4.96252
2.69005
10.6481
6.63894
5.23724
2.32104
3.05339
6.49426
5.70455
5.41467
5.31958
4.96001
6.06733
5.53668
7.14191
6.73008
3.49182
0.621631
3.90719
0.0975812
1.2607
6.90867
7.29407
2.11042
6.41538
5.18348
3.91729
5.70615
6.25787
7.03333
2.99048
5.1095
7.56117
7.65806
8.43672
3.08539
5.04095
7.88075
6.71419
3.98105
2.86426
8.06283
4.75427
5.27468
8.91408
4.94039
5.81873
3.59094
5.3556
5.35343
7.44715
6.71297
8.10683
2.95503
3.10188
7.11207
4.69886
5.69738
7.10603
6.03211
0.411163
3.85551
2.28263
4.90984
5.97375
8.79259
3.16693
7.9912
3.73282
6.1557
3.39204
5.35013
8.80955
5.74573
3.55638
4.9103
5.08659
8.49996
6.89946
4.5195
7.19082
11.2642
8.71356
4.9506
4.85202
4.02456
5.31093
3.85303
3.68656
7.20926
5.8181
5.19696
6.2719
7.47441
4.47456
4.26957
6.63539
6.20057
7.43116
3.51016
4.29518
5.35149
5.0774
6.33151
8.39397
4.66418
7.39052
3.1543
6.36911
5.24881
0.246631
4.34604
5.43346
4.66578
5.50093
9.3027
7.09093
3.32885
6.02541
1.65044
6.22231
4.82435
7.18494
6.17813
8.03197
5.2152
2.26535
4.02288
4.38254
2.03431
3.58925
4.84947
4.44583
8.74327
1.54143
6.02482
4.32736
4.98126
4.22779
3.61209
4.13657
2.5275
3.19839
-0.40952
5.72596
7.57802
5.53039
7.2904
6.9384
8.78126
4.10432
3.42485
4.01017
5.08892
6.61741
4.41083
7.2629
5.21291
4.43121
7.38891
6.51862
2.77106
7.50851
5.26268
1.32549
4.5208
3.91251
5.14214
8.86013
-2.31117
2.59362
7.20245
6.68255
3.09466
7.54011
3.26181
8.14715
2.31762
4.66928
2.83134
3.99347
6.60703
5.71548
1.95197
6.95502
2.84339
5.99655
2.05051
5.52505
5.8585
7.66782
7.48896
5.5724
7.93004
3.90746
3.917
7.10287
5.94725
5.61082
5.10043
5.61387
4.90232
6.10257
2.88954
8.87553
4.46024
3.80909
3.4301
7.2057
3.88435
9.68003
7.62838
4.83496
9.13804
5.82184
9.20975
8.2135
9.65184
9.50945
7.70661
6.90523
4.78614
6.69254
1.64696
3.33152
6.66943
6.77484
7.61838
5.63286
3.73689
5.10046
5.26036
7.95037
6.11967
8.52111
4.72477
5.14872
4.30408
5.43264
8.33606
5.62758
4.97641
6.13551
8.33713
8.05703
4.91066
5.32349
2.22548
8.1733
5.17951
2.65153
3.31931
8.10998
5.48587
4.26347
8.41867
2.2814
3.31223
9.76455
2.61646
5.19431
2.85671
0.995603
6.94047
4.81239
4.0875
5.09386
4.56907
0.205472
3.60362
3.00995
5.64884
6.00791
6.10611
4.03406
4.97656
5.98945
5.35501
3.3564
7.70083
3.70292
7.9881
2.85349
4.20341
3.89926
3.34823
7.04695
4.25062
6.51627
7.13939
0.301237
6.94775
7.85397
10.0208
3.74203
-0.101592
6.59349
4.98486
5.41821
4.48462
8.38107
2.21697
5.54387
9.82693
6.37356
2.96921
4.72516
2.6198
3.65252
5.02173
6.98084
4.30781
4.08281
6.27597
5.8329
5.41623
10.0545
3.25143
4.02442
3.73795
6.75083
8.97873
1.52627
5.53253
4.93078
5.79599
9.61675
1.04925
6.71647
5.84689
6.60799
5.4221
3.89991
10.5159
7.10608
6.69928
2.43271
2.11407
3.384
3.34961
4.8262
3.21291
6.35854
3.21058
8.92658
3.32429
0.712818
6.40622
3.92189
3.29301
8.93108
9.32208
5.58833
6.96888
5.6179
4.09555
5.82941
4.24784
2.60848
5.22219
0.525618
5.33836
5.78928
1.80024
5.84258
7.33996
6.22179
2.20404
10.4935
7.03725
3.4473
9.11666
5.55857
6.73418
4.05718
5.53662
2.51762
3.36588
4.06249
3.53975
4.34288
10.0111
9.1121
7.31711
2.25867
3.6669
9.28957
0.345531
7.47978
6.80161
6.9043
2.72151
6.65806
-0.683446
4.94741
6.28643
2.89357
5.43355
8.99573
5.32318
8.52693
5.13899
1.31335
4.00409
0.956587
6.12284
3.2675
6.04946
0.691298
5.66072
3.87983
3.71963
2.1938
-1.73923
3.55121
4.77051
3.99796
7.82776
2.92166
4.46967
3.25945
5.3271
2.76408
4.37828
5.23264
0.421744
3.83875
2.59972
4.40751
3.76375
6.8673
7.18781
6.67553
5.84204
5.51882
3.11016
5.88451
7.10492
6.63028
3.06054
5.06738
6.23105
7.16311
3.70112
5.20175
5.73365
5.1897
6.74513
6.53985
5.08275
5.88178
3.08095
7.17656
6.03548
5.96772
4.23505
1.15783
4.45248
3.68222
5.92295
7.71557
5.47885
6.4821
8.12097
3.99715
5.10842
5.78201
3.35162
5.118
4.68856
6.07631
8.08141
3.22541
4.91232
7.51958
5.25648
5.62402
3.72664
1.62952
3.59325
5.75841
5.87307
9.19931
3.63543
5.94274
1.60754
3.73125
4.23562
2.27305
3.10436
5.04508
5.13018
5.84906
4.62171
6.55854
5.96228
3.3576
7.57376
4.84054
0.741112
4.87013
1.75943
4.13156
4.49695
3.95779
3.20655
7.3316
3.34971
3.08327
4.39983
4.1755
5.48166
4.01996
4.30911
8.42616
7.4057
5.09562
1.92428
5.53002
5.44753
3.45349
1.46902
3.5414
2.69972
3.20188
-0.119637
2.93723
8.30253
5.22187
6.57244
8.25672
1.81756
3.30415
4.90758
4.93621
6.13385
5.37028
5.40601
2.23632
5.64288
7.40633
5.57124
9.08086
4.27051
4.46611
4.79858
1.86107
6.49001
8.47797
3.62793
5.79303
8.49414
2.57087
3.46052
4.35592
5.06503
2.46558
1.60129
7.11565
2.82867
5.46679
6.12482
2.28724
5.48928
5.32109
4.21204
3.7417
1.10982
6.72022
3.8323
-0.759316
2.53801
3.7021
2.63539
4.53804
5.73121
2.21565
3.94269
3.68598
4.06101
4.42862
1.9229
2.74396
6.88122
8.25395
8.31701
4.54463
10.0212
5.68194
3.16309
6.21495
3.09669
7.28505
3.77612
7.13163
6.05398
3.42525
4.43983
4.35102
4.04093
3.92901
2.75892
5.39456
6.11476
3.45374
2.78321
6.92936
2.8274
5.70021
6.31393
2.36823
2.70101
7.37606
2.17191
5.29684
3.51282
1.78934
4.45196
5.28294
6.60842
2.47321
8.02886
4.46982
3.50042
5.73044
8.16883
0.151315
6.45554
7.94281
3.87372
5.52094
4.4265
7.11208
4.42264
5.08046
6.9565
3.02089
3.76746
2.56377
7.69865
5.14699
7.25904
4.57838
4.13642
2.27159
5.12409
5.10899
4.01112
5.49443
1.30031
-0.264036
5.60772
3.25271
11.7365
5.30029
5.14535
2.16398
5.2384
7.50384
2.05863
3.86058
3.17347
-1.63365
1.10344
5.16604
6.01044
6.73045
5.98258
9.38295
8.11491
5.50878
5.70869
3.13503
6.96054
6.53172
3.17172
5.56847
5.03063
5.42958
4.73439
7.62697
9.98988
5.62684
5.814
6.13188
3.30688
5.51437
5.55303
2.5507
6.74781
1.79426
4.4546
4.25538
7.53142
6.80892
6.02576
6.11523
2.34871
4.04177
7.07236
6.14728
7.95298
4.73561
3.73752
1.18603
6.87944
4.76327
6.36737
7.05141
6.96706
7.38592
6.61147
1.00672
7.17214
2.70476
1.98529
4.54469
5.70377
5.29271
8.50281
4.46984
3.17967
8.75905
3.13257
3.90168
6.67701
0.834592
7.71741
7.25799
2.69785
6.32425
4.20656
2.50497
6.29723
4.10236
2.51923
6.3573
2.81935
4.98545
5.14853
4.16623
4.1595
6.80573
4.53604
4.58473
6.03873
2.35378
3.53428
4.85247
5.21271
4.43026
4.3133
6.19189
3.19091
5.75775
3.79429
7.8721
1.74593
5.78067
2.3062
4.71311
7.23804
3.80083
4.37586
4.5221
7.23675
8.1078
6.12457
1.62137
1.92556
4.03323
5.75447
4.92741
7.08084
1.4383
1.81788
6.49431
2.14039
7.40943
3.99959
6.6425
5.97085
2.92483
5.71426
6.63469
4.30502
8.07968
7.35932
4.91438
5.6944
5.0085
6.64799
6.95409
3.66781
1.75664
7.39235
5.93137
1.96694
5.59525
3.80174
3.85381
7.01239
4.02389
8.21746
8.24086
8.3941
5.53853
3.99445
4.20257
3.12891
8.56528
6.06127
7.42259
2.41792
4.57467
4.52874
3.14117
2.39256
4.75756
1.08019
6.37942
3.75329
2.96432
4.04827
7.07078
10.033
4.56294
6.42512
4.59099
5.81114
1.73284
5.48454
5.08808
6.72689
2.60332
3.53146
4.81032
3.41872
2.05338
3.07569
2.92866
5.90232
4.72922
4.69556
2.77588
4.99034
0.0716752
2.83016
4.35986
8.47003
3.70196
4.07859
6.8905
3.64907
5.55552
1.78089
7.63783
5.63884
5.84818
8.65671
5.58486
7.33273
3.09855
4.19698
4.28503
2.37918
5.84392
4.91458
5.88314
3.43974
1.75956
8.12694
2.94007
3.28828
6.56181
11.7575
4.93238
5.79921
2.63314
3.04441
4.95132
4.03409
2.82091
6.27934
5.0292
4.55209
4.31327
5.58274
7.32544
6.51433
4.85691
4.8279
-0.117367
5.19425
4.04605
8.33898
6.12954
5.38585
1.72232
3.42349
7.63151
5.03601
4.84673
2.66967
4.61117
2.06182
1.33863
1.16095
7.39288
5.34385
2.83632
1.38255
3.2495
4.34409
5.22315
6.23226
9.09573
5.45711
3.80922
4.73426
8.67866
5.99041
3.82508
7.82109
3.29324
5.35472
3.16952
8.94583
7.8027
5.44009
6.99725
5.27632
4.79582
2.70523
7.40581
1.59319
7.2409
5.03258
4.0682
7.09289
5.55362
3.56746
4.3216
3.54368
7.12926
2.11024
2.6304
3.21679
7.7598
2.33075
2.17607
5.96527
5.78801
1.38562
4.44632
4.91071
2.9821
2.55418
7.25365
9.83316
5.89597
7.96336
7.96052
5.87398
4.8706
3.20703
-0.77945
1.24822
5.03026
7.38687
3.78454
8.90429
4.25043
6.5054
2.61506
4.80136
7.40738
4.04672
2.95788
4.56148
5.57096
4.15399
2.71854
4.57937
2.67615
6.65197
1.67011
4.85248
5.32253
3.25242
5.03885
6.09526
3.18294
4.60948
5.23007
5.55558
3.96074
3.97899
6.35952
4.65426
5.4564
2.53225
2.56984
3.76364
1.99864
3.92541
4.23849
7.10311
2.23811
6.18999
4.42761
3.31288
7.12056
6.78382
5.74478
3.69349
3.12522
4.80619
4.83568
10.5606
1.38696
3.4575
7.04922
5.55402
5.80033
4.16948
5.29277
6.48953
6.8242
5.6398
8.46948
8.30736
8.6989
4.88661
3.79198
3.36901
4.87852
2.65274
2.72753
3.28721
3.31874
7.00426
6.14647
1.76194
4.03307
2.92757
4.1751
5.73921
6.83558
4.87357
4.2823
7.85362
5.9737
6.98767
4.72703
4.56524
6.34868
7.89017
6.11147
4.36481
5.49635
2.76479
6.21772
4.29735
3.26331
8.32187
4.1936
6.31754
4.49988
8.13964
5.22648
4.54438
2.04781
8.65757
6.84698
9.32246
4.76674
7.16049
2.54624
5.87132
4.03417
7.17226
2.11289
-1.62114
4.80088
3.02191
6.06649
4.78019
6.76506
3.70285
2.37019
-1.45032
3.64609
2.3354
6.07397
2.98747
4.20046
1.12464
5.27645
1.5009
3.00183
3.34589
5.33397
7.68147
1.81821
6.97227
4.21236
7.95639
5.54705
5.24041
6.77637
9.1081
6.39609
7.29352
4.07477
3.67085
7.16365
1.37988
3.25719
7.26205
5.51493
3.51157
5.10486
6.26883
4.28778
12.3203
4.95895
8.7047
3.95604
6.43124
4.53707
7.03161
2.51461
5.72519
1.88451
4.24119
4.27462
3.73834
2.82392
4.84542
3.40864
5.55586
5.22883
6.84438
6.5511
5.96748
4.84486
3.58363
2.45223
6.25893
1.63663
2.1146
7.96641
6.07588
6.98829
6.87436
7.13969
5.46818
4.75466
4.79184
8.39077
4.43315
2.93848
6.44478
7.62964
6.54916
3.86204
2.67942
8.75161
6.94376
4.87526
7.66506
5.32458
4.27012
3.14881
6.05454
5.85246
2.02938
6.19351
7.85104
9.89011
8.17279
3.88486
2.12647
5.13485
8.87659
2.79176
4.52284
4.11342
4.82456
3.92753
2.7185
5.65149
6.86193
4.45638
6.63143
3.81754
5.82033
3.52655
2.92063
3.61209
4.38099
6.04045
7.78726
7.77848
6.41967
6.52575
9.26631
4.29958
4.28764
5.37968
6.03826
3.77088
7.39288
2.82244
4.87837
5.90734
5.17085
5.1898
5.93632
3.85539
4.07119
1.28624
2.61817
5.15945
6.07919
2.29704
6.96613
1.84556
3.25578
5.18006
8.51575
3.69848
6.12469
2.98433
5.82865
6.54933
2.66645
3.97303
6.28252
1.30235
4.2034
4.8751
6.421
5.56366
2.87847
8.23522
4.27546
4.61846
7.12546
6.22324
7.90216
7.07342
7.54659
6.5359
5.13727
9.35289
1.7242
5.88805
2.27692
6.13466
6.4072
5.03484
6.81757
4.20604
8.05614
6.29027
8.60173
1.80502
4.47713
6.83348
4.28816
5.10006
5.03436
2.15188
1.19058
4.63839
6.5613
6.7199
4.12549
2.69965
5.48208
3.89159
8.67358
8.86422
4.84837
3.19407
4.96398
3.14751
6.64531
7.96269
5.55407
4.31993
8.08586
5.19342
6.27109
2.0657
4.77521
5.46554
4.6725
5.09798
4.96246
3.47342
3.50071
5.86605
1.75813
5.45948
7.45921
7.99367
7.08157
3.5019
3.7032
2.41168
6.66114
5.14469
4.1388
3.12321
1.7511
4.87758
3.31805
3.82843
6.24392
2.62897
4.23792
4.60119
6.39924
6.63722
1.81827
0.860007
3.54036
4.70534
0.173016
4.2074
5.52011
4.13491
2.12902
5.62303
2.19332
3.81457
6.31087
4.00887
6.77334
8.42412
2.24361
0.520168
1.91036
8.19904
3.82417
7.98259
8.00653
1.77025
5.8611
7.77134
2.64374
6.4703
4.04739
3.08008
5.55946
4.54867
5.135
7.19186
5.31266
4.47099
6.11045
7.86486
4.96193
5.17714
5.13389
7.22587
7.98256
1.5378
8.63181
1.39093
5.09912
3.26191
2.49211
5.24524
5.53629
3.73016
4.40892
4.98795
5.09155
6.16714
4.06889
4.8287
7.0584
3.86606
3.51055
5.84963
7.07269
2.49372
4.91019
6.59967
3.8237
3.03896
7.16491
4.71216
4.19055
4.29902
5.59406
7.7294
2.98579
5.89438
7.52019
3.07053
5.64227
4.55712
5.79418
6.18712
4.73765
6.46671
5.3825
4.70272
6.19238
5.32703
0.309429
3.10892
5.77109
5.00253
4.00039
2.80733
7.96153
2.3858
3.26587
6.14239
5.93675
3.97217
4.20117
5.23922
5.12709
4.67809
0.587779
3.48097
5.72938
3.1416
8.69994
6.9431
2.76461
5.39446
1.93722
1.41758
7.7234
3.28841
4.88323
3.8848
3.40246
5.36948
5.70485
3.48997
6.21914
6.12397
5.53935
6.15302
4.7735
2.27901
7.12516
6.49723
2.34333
2.97332
4.88556
2.49811
4.54659
4.7368
3.02837
0.872757
9.58886
4.53692
1.98194
7.17113
2.92232
1.78752
10.58
7.48047
7.13022
6.67164
5.60284
4.54802
4.97254
6.94766
6.16927
5.67877
2.5207
1.36062
5.64593
4.67274
3.92815
2.83501
7.36789
5.52132
4.05827
2.47712
5.2797
2.91658
3.76395
5.49112
6.01518
6.99147
6.65245
-0.0834885
-0.222041
9.04544
5.32499
4.68861
6.68077
4.53678
8.72828
7.61088
6.16449
3.36841
5.81688
4.46035
6.75922
5.74597
3.50185
2.37786
2.54992
2.74171
6.98132
4.78869
6.37579
8.0323
5.23335
2.15836
8.30874
6.4149
2.82818
5.67369
3.58705
7.68982
5.86022
6.28358
4.31401
3.49799
0.821456
2.87015
6.02742
5.39398
1.1576
3.1806
5.97245
1.84588
3.57222
5.91166
5.50237
3.42679
5.83088
6.12346
7.44986
3.61054
7.54164
7.42271
3.94236
2.41929
3.46584
4.95481
5.40301
4.47421
4.92695
2.69413
4.60926
4.44677
2.73686
5.56121
4.12223
7.69289
1.01424
3.49174
6.25263
6.35218
5.96585
1.57457
7.42568
8.23322
5.53877
1.61426
5.0542
7.00145
8.85141
5.57713
3.88069
4.75567
3.25492
5.1434
6.73859
3.88726
2.8497
4.25028
5.66073
5.9896
3.56982
7.17593
2.16501
5.61131
4.6623
4.19472
1.91709
3.94617
5.48045
7.24469
9.11414
9.88572
0.0642223
3.95632
3.92175
3.70669
8.66755
5.0216
6.55191
4.58525
3.35315
4.92789
5.82625
4.18117
8.34339
1.91237
1.36227
5.5951
7.33758
4.88474
4.07278
2.94067
5.04441
5.72509
2.73019
7.51865
1.15871
2.86331
4.38681
6.48367
5.0278
4.97729
2.29325
5.24252
5.19524
6.45325
6.1769
2.60498
8.36317
5.34464
6.39728
4.02374
7.3745
6.60406
3.70666
2.0637
5.8543
2.96493
6.92781
4.91034
0.385836
6.25049
8.04599
3.83559
2.11551
4.76956
0.107134
6.89265
4.82971
6.83396
4.61971
6.43062
5.16699
5.70157
5.68367
4.05309
6.53568
8.3344
3.47987
3.80363
5.94822
3.76504
4.29314
3.68618
6.84664
6.55848
5.50705
5.73596
-0.353605
2.67436
9.36141
8.09448
3.33935
4.98481
2.43918
5.98228
3.75807
4.30519
4.55258
5.83647
7.3588
1.83375
2.22404
10.6964
9.91279
4.85358
3.66092
3.83405
7.52339
3.09296
2.93868
5.38
5.61794
6.97296
5.45611
2.87214
6.23627
7.63872
7.31226
6.03239
2.50531
-0.941834
7.82844
3.96228
9.06102
7.62674
4.97428
5.0588
7.79508
4.89713
5.92933
6.41633
5.89921
9.47136
5.7272
5.02793
4.04533
5.16377
4.23794
2.78616
6.52261
5.96694
4.66564
5.0495
2.71651
2.19211
3.56644
9.39028
3.46661
7.12026
4.02099
9.3693
3.84042
7.01766
3.82045
6.25839
7.17422
6.9894
2.06379
3.19349
8.76699
5.36693
6.8905
5.17736
3.73215
6.12162
5.38712
6.78597
4.83354
5.90964
-0.44349
3.44636
6.53639
5.17352
4.78836
4.49728
2.34055
2.56298
7.03252
4.91525
1.43212
5.60646
2.75547
6.57971
4.41125
4.29835
4.04617
2.68931
4.73327
1.2784
4.97924
6.69495
3.95826
4.39276
4.87382
4.76352
6.44587
5.8776
6.09764
7.52345
5.91986
6.07232
6.95834
6.93688
6.57881
3.754
6.62868
3.46771
2.30225
1.80149
4.75406
7.43268
3.95296
4.02443
4.32145
6.25673
5.18977
1.14402
7.01579
6.84813
2.99389
5.81408
8.24238
4.53613
1.49198
6.95141
4.24741
1.54788
3.51461
3.4951
3.24672
5.41917
5.17924
2.81443
6.17265
4.29825
3.53048
4.36953
6.3087
4.41772
5.47008
6.87883
3.43823
4.21836
3.1947
8.72165
7.88397
2.8366
4.63767
3.47863
5.5842
3.39663
1.77976
4.58875
0.681347
2.1146
4.3227
2.75786
1.59688
8.16621
4.12259
3.54942
1.87465
7.73281
3.01471
4.042
5.27554
5.23636
6.78081
4.03581
5.9084
6.0059
4.94867
4.30288
1.77715
5.91725
7.99458
5.70616
4.17489
3.96526
6.3666
5.976
6.23279
4.41289
4.83253
6.45265
5.71758
7.1388
5.25832
6.83186
6.51522
5.71934
6.06306
5.99893
4.3466
7.36967
4.06581
5.8385
6.89438
3.13591
5.08705
4.98756
4.48761
3.00922
3.92682
4.14088
3.97695
8.15226
5.32899
6.73428
6.10742
7.48058
6.50981
6.54798
2.25649
7.6257
5.21097
7.22567
3.06291
3.31889
7.05123
4.4586
6.75394
6.12744
6.3968
5.06553
3.96697
3.46985
3.72961
5.70543
4.63812
8.10397
3.9343
7.41009
5.0975
4.38883
4.29661
3.09567
5.06013
4.45558
7.04762
7.89703
4.38712
3.03311
4.05862
3.08058
5.31626
6.16647
3.01193
-1.09944
4.82896
3.74683
6.32291
6.38648
3.64315
6.31006
3.17149
4.67233
3.00286
6.50232
6.18006
6.91201
2.31844
5.47328
2.74134
4.17796
4.34596
5.89821
5.48956
3.55285
8.56435
1.05792
6.07354
5.51957
10.0338
2.36342
5.57217
2.54927
1.74017
-0.424495
5.00032
5.43214
3.11178
7.3802
9.02957
3.09794
3.02208
4.00927
6.49669
3.87789
2.2
6.4744
3.1647
4.2982
7.78149
4.75715
4.66262
6.91877
4.06935
4.01303
5.7377
3.38878
6.07377
7.78482
6.58069
6.48716
8.30388
5.72588
4.4018
3.48725
-0.056284
5.60208
2.95157
4.39969
1.8199
4.7711
8.41407
4.559
5.28245
4.97453
5.46858
2.88287
5.08842
5.53813
6.88419
3.98534
6.07066
7.56385
2.2384
4.37215
4.30349
2.34215
8.15046
4.12684
4.03597
6.45677
6.42489
8.29849
2.62386
4.55736
2.65661
4.44057
7.96405
5.5828
5.25684
0.457314
4.50958
5.16596
3.24936
3.3945
0.170326
4.63024
4.26422
0.263164
3.77242
4.72733
5.97459
7.63325
5.35048
2.92124
1.83974
8.55275
3.1072
2.77828
2.98326
5.08219
7.66981
6.13369
8.29677
9.13471
8.31498
6.59199
7.72727
6.2089
2.32309
3.85444
5.86021
4.93896
3.52279
3.23774
3.7756
7.97993
3.51179
8.01435
5.66628
1.38114
5.04595
5.77369
8.47208
3.48975
4.19128
2.5868
7.11001
4.89867
5.45758
2.17059
4.0175
6.70617
7.99183
4.36315
2.12435
2.98915
0.798174
1.77994
5.61491
6.52526
5.26035
3.62993
2.93144
3.7031
4.62833
10.7285
6.12888
3.92239
8.96574
6.29928
3.29547
4.26748
1.81153
7.84662
4.28635
5.03097
5.43471
5.62292
2.09437
4.97796
3.30403
3.53008
4.06316
6.28307
4.06986
6.54718
7.39258
5.69921
4.97458
4.74628
4.38069
5.21037
6.65407
7.18716
0.798811
5.17906
5.36483
3.81025
4.67442
2.62126
5.02703
1.4498
1.80857
6.19225
7.40863
2.33832
6.0304
3.64234
1.88344
4.15221
2.54161
3.97222
8.8975
11.3358
4.2592
4.62848
5.87333
3.71145
5.22209
7.74699
3.89547
3.24019
4.85438
6.17638
6.0293
4.07994
6.85653
4.94727
3.30862
3.68314
6.99695
1.66703
4.87924
5.11827
4.90951
1.7016
6.79135
5.44078
7.22841
3.39436
6.04951
4.98948
3.33146
4.018
6.31737
5.53852
2.81492
6.50028
5.31107
5.67529
2.13898
4.2674
8.36235
3.11764
6.44422
7.36083
2.40993
5.98873
5.7363
7.00173
1.78395
6.19372
4.81218
10.4783
5.28536
6.74086
0.623241
2.87924
6.5394
4.5024
5.93339
4.64323
4.97873
6.63219
1.02042
8.42719
1.7568
4.93412
4.38678
2.7524
7.89176
1.54
5.70544
2.0258
4.32708
6.40162
6.46244
5.53974
2.02898
4.04073
3.44346
5.22054
5.66423
1.47095
3.98899
6.27735
5.53558
8.11722
6.40755
6.05573
4.90821
6.05302
4.44353
5.09809
4.20879
5.25187
6.22472
8.50842
4.29117
4.54734
3.27615
7.57277
3.83293
2.55289
3.65669
4.69837
4.35744
3.11353
2.52519
2.5957
2.39685
6.74801
2.6911
6.31735
5.00184
5.32982
4.46611
1.93007
5.83948
1.54508
5.51465
5.27535
4.83965
5.42598
5.09847
4.40452
4.72878
8.38873
2.72115
6.27198
5.02252
6.5184
9.49756
5.89845
8.29994
7.50328
2.39976
3.73874
4.85883
4.93709
5.90225
5.77805
3.16577
4.13286
1.66842
4.80538
2.15657
5.07251
-0.109992
4.0888
6.9985
-0.510266
6.04733
6.85615
6.56887
3.52622
7.89132
6.02197
3.11703
2.2815
3.80825
1.40543
7.6418
6.16811
9.57893
4.22061
5.13536
5.32766
4.55631
4.44751
5.51242
2.27275
6.29594
5.68321
2.66814
1.94268
6.56346
4.772
5.51413
6.61043
6.39068
3.67881
1.02199
3.78892
5.36056
5.28308
7.13143
9.23208
9.85985
4.3504
5.39584
7.64188
4.48535
4.05996
3.95463
3.34424
2.92736
5.91296
3.76671
4.67652
4.01917
5.50703
6.06851
2.71203
4.446
4.64377
7.30053
5.35344
6.10266
0.4662
7.84223
2.75769
3.97751
6.88561
5.89978
5.76148
6.18243
6.73412
8.63233
0.605106
8.29486
-0.862076
7.69486
7.57228
2.61025
6.27567
5.02953
6.10417
5.83079
3.81408
4.83454
3.60122
1.81889
2.01198
2.08709
2.32619
5.78756
7.16201
5.4412
4.82123
2.97932
5.55783
5.48048
2.09997
6.36945
4.54231
3.59261
4.99244
3.40364
5.62221
5.61185
2.1811
7.29
8.05758
3.44609
5.83341
3.92987
7.6428
5.37425
7.50008
4.31074
5.75553
6.74719
7.7093
3.76891
3.37364
4.15554
4.74114
2.91583
7.21256
7.3387
5.51772
6.34034
2.01582
5.43867
4.87554
4.16415
6.58107
5.54406
5.65565
5.26365
1.90384
5.29178
5.79286
6.51479
9.57639
4.75947
4.20274
6.51128
3.41513
2.09341
3.92176
5.28383
6.69299
3.58256
6.40281
9.11662
4.51829
1.83056
4.35594
1.26265
3.15917
5.97809
5.72368
3.12648
2.76553
4.87665
5.3186
9.25386
5.44013
5.23096
6.64401
5.26282
4.42731
4.77507
-0.125223
4.71343
6.75212
6.57854
7.27508
4.68542
5.84956
3.76662
3.36265
3.6984
9.26115
5.2951
3.49111
6.4436
5.48586
8.63061
5.88246
4.60155
8.81915
4.07961
3.88392
1.61227
7.66279
2.5456
5.08781
4.42461
5.70973
4.53105
1.39115
3.43976
2.36369
5.82928
6.56232
3.69682
5.37528
1.46363
4.65901
2.93592
6.26602
9.09651
8.47349
1.37876
-2.44917
7.03874
3.31185
6.412
3.26054
7.24643
1.70992
3.59495
4.41094
3.15694
4.45264
1.39183
5.76914
4.00572
4.72398
7.03163
4.8176
5.74173
5.6095
0.460337
7.2892
1.21016
5.01258
3.52012
2.29428
5.59573
2.26428
3.80414
2.94151
6.52243
7.93983
1.34269
3.43939
0.88037
11.0996
4.05061
1.61484
3.95023
6.54699
5.2502
3.1813
4.6475
7.32901
2.90679
6.73312
3.88129
8.0571
1.98196
4.417
3.14127
2.1979
9.75392
9.72836
4.44697
5.97916
6.99889
1.52684
3.97563
8.43783
2.2663
7.22759
6.41846
5.95858
9.56999
1.42311
6.62233
1.40505
2.75386
7.57947
4.9135
3.53557
8.16702
0.44176
3.2564
4.58738
5.44396
1.5823
5.55012
4.89729
9.44237
1.30564
1.31751
3.01954
3.36336
7.20151
5.78449
5.36574
6.43915
7.82652
4.74461
6.86945
8.96405
3.19278
1.69159
7.28783
2.9107
3.64116
5.47468
4.49656
4.83374
8.03878
6.01412
4.13749
8.67403
4.13367
6.05877
3.83973
5.40121
2.98739
6.04348
4.0846
4.02575
7.13803
5.11559
7.72512
6.25849
4.96645
6.01868
4.35415
10.6908
2.54087
4.93532
4.68064
4.72506
4.09263
3.1801
0.842716
3.28828
6.24581
3.88341
2.01215
5.75792
5.65001
3.75732
7.4594
3.25818
4.10134
4.16908
6.99021
5.43194
4.8578
6.01352
3.73224
-0.653825
7.56217
3.99558
5.20231
-0.135572
3.05245
3.92891
5.87514
5.76946
7.6687
5.47483
1.61035
5.64784
3.36135
4.43119
0.28974
1.76763
3.32234
7.5202
2.88197
6.72856
7.93098
7.80435
5.70269
3.00799
4.94563
5.43882
3.54451
4.56669
0.150029
6.08312
3.59765
2.20559
5.91073
8.24856
6.62912
8.53065
2.93459
4.25892
4.99429
5.91291
7.3588
4.82753
4.58675
7.57229
6.18833
6.48281
3.57028
6.59592
5.64223
5.10772
1.64075
3.99636
2.38935
3.72075
4.57418
5.86845
4.87457
8.54314
5.34502
6.85403
4.6672
1.45036
5.21297
6.64099
2.83943
3.08563
7.99475
3.58379
7.79311
1.79839
4.26654
6.12231
7.5949
5.77362
4.99732
3.56795
5.55222
6.73924
4.15614
8.58072
8.58968
5.04297
4.45834
4.43913
3.07289
7.77038
5.74907
4.19474
1.35886
4.93214
2.46532
4.11212
5.51395
4.68078
2.83607
8.47848
5.69578
5.80125
1.37728
2.62103
5.82796
3.37934
2.15513
4.05761
2.74478
6.0038
1.65009
-0.90677
5.14443
3.86682
4.85348
2.92112
2.01712
6.05447
4.02003
6.23356
3.93477
4.0204
2.55178
5.22278
4.71824
7.44995
6.45864
2.77355
5.93519
2.10522
3.90022
8.93286
4.1809
5.79741
4.90623
2.43638
4.20613
5.35431
3.24435
5.74211
3.17131
3.94316
7.28056
5.53823
6.10983
5.91897
8.11806
6.07797
2.49198
3.158
7.33233
9.38878
7.22633
7.32573
1.72055
4.42587
3.5711
6.97246
5.01737
6.07328
6.325
8.00401
9.16201
4.432
3.65789
5.27914
5.4592
3.10904
3.50731
5.2895
5.19266
6.49603
7.33618
6.10194
8.58112
6.49861
7.62466
6.37073
2.68426
4.4771
5.92073
6.31217
4.37221
6.34857
0.678351
1.98998
4.08041
6.58168
4.63569
6.22227
2.34573
6.38145
6.231
3.8672
2.35888
5.91546
4.08293
3.16261
7.46888
10.4053
3.41425
3.5596
2.16883
1.80412
1.11601
3.95283
4.04768
6.57896
5.61153
1.2955
5.70951
6.25656
4.09624
2.7469
2.3185
3.87009
3.39999
1.78504
8.34528
7.10469
6.49563
4.643
3.99565
7.39289
4.46127
1.49421
5.40024
4.45078
7.00387
3.48104
4.97953
5.5508
4.23254
2.81947
8.76406
7.54845
4.71844
6.94505
2.59301
3.58271
7.14268
5.70057
3.4946
1.70598
5.58319
5.11136
3.34542
10.4934
1.6936
0.745558
4.34552
0.864658
2.85724
1.32021
7.19434
6.98046
5.13001
6.57013
5.46061
5.40051
2.6879
6.42519
6.87394
5.62587
6.1868
4.07827
6.05309
2.10024
1.85719
5.03387
6.71877
3.11341
6.36757
3.44463
3.15075
2.45771
2.41996
5.01656
3.44446
5.13337
5.77508
5.81293
5.61329
6.03118
7.54616
5.05693
3.47526
3.79943
5.85924
6.01677
5.68151
0.915902
-0.0138492
6.50164
6.9937
5.91436
4.80774
3.60023
5.29865
6.98141
5.32663
2.76905
5.47984
4.22987
2.38509
4.42813
1.0739
5.55753
-0.819097
5.36934
5.91668
7.12842
4.039
3.79424
4.10792
6.51584
4.33468
4.68172
7.61665
4.0665
3.31087
6.33766
4.75664
3.05547
6.30094
5.76063
6.78706
5.86889
5.85614
4.47808
1.90996
1.60981
2.80508
4.97386
1.74288
4.29028
1.31259
3.50546
8.68712
5.61656
4.26835
2.58793
2.86492
4.51135
6.34586
5.9495
4.38576
9.00372
3.40291
2.79874
2.29013
2.5598
3.75951
9.68967
2.19977
5.84938
6.44935
8.43646
5.90384
8.53089
5.78198
6.17612
2.89627
0.696285
8.67768
5.72687
4.29676
1.90354
6.04537
2.55755
5.12203
5.94712
10.1177
5.86153
9.1696
6.64267
6.91097
7.96213
6.16727
4.58524
5.322
5.54874
2.35605
-0.878772
3.04985
5.76908
3.02565
1.77299
3.97015
7.27623
1.86129
5.95521
7.59464
5.23567
6.05491
3.41773
4.41835
5.15116
7.47159
10.3944
6.96026
5.19167
1.80733
4.78514
4.78324
4.22794
7.02028
4.65346
1.74641
3.71914
7.15916
7.14487
5.05133
0.578081
6.39947
6.21758
0.928159
0.738455
3.47311
3.89777
6.13867
1.45201
5.63867
5.06799
3.23395
6.03645
5.81413
5.87916
6.56605
6.50991
5.17742
3.67143
5.74399
5.60943
7.25733
5.84691
1.34515
7.34145
7.07394
6.40301
6.71699
5.83472
1.0167
7.13303
3.87545
5.99025
5.15522
3.19146
9.00504
3.43255
8.21946
7.68415
2.88829
6.41489
1.8265
2.05403
1.09706
7.83854
3.25519
8.09318
4.73039
6.10012
6.24064
8.09361
2.11884
2.4742
4.6498
4.60113
2.65548
4.69742
5.34641
6.72184
1.50322
4.28024
7.60032
4.84913
4.79431
3.46797
2.76118
6.51202
7.98599
3.1029
5.60335
1.09812
3.96718
4.0779
6.10276
4.97909
4.62762
6.40701
6.1894
3.13713
4.45191
1.89094
5.79856
4.79096
6.36223
4.56566
3.87874
2.62548
3.44779
6.89309
5.06508
1.25646
3.66031
-0.412378
5.13947
3.79835
3.21764
4.19372
2.47812
3.67934
3.81586
6.09101
8.44239
1.54584
5.34892
1.27094
6.84182
4.21651
5.07035
4.57554
4.13411
6.5082
2.36744
7.2125
3.09441
4.91684
8.6459
4.97875
4.35932
4.53128
1.65951
8.10531
1.29905
1.6458
1.59071
1.01543
2.65053
5.77961
4.55854
4.12889
5.26137
2.97047
7.51405
3.00096
4.88675
6.00205
3.44509
4.31228
4.32201
5.72457
0.819037
3.05788
5.8591
3.87396
5.78034
6.5396
6.43697
3.93539
5.83441
2.4497
7.3172
4.63494
3.58247
1.92041
0.486552
4.30779
7.07749
6.05018
3.7271
7.60327
4.64283
2.94852
9.66467
5.68366
4.5444
-0.0484335
-0.467215
6.42562
6.1675
4.07738
8.27672
6.70504
4.63385
6.08833
7.95132
5.54487
9.23297
1.48927
3.13083
3.90299
5.41345
4.27935
-1.93423
4.82594
7.58408
6.40274
3.52707
5.54595
6.65209
7.23648
4.24651
6.55996
6.75022
7.59441
7.83854
4.10505
4.19581
2.03116
7.0762
6.09877
7.34916
5.29469
4.89302
3.95163
4.95053
4.1424
9.40138
4.61196
4.13843
5.14193
4.19444
4.98505
0.798087
6.53385
5.81026
5.3061
8.22077
2.54004
1.48088
3.03664
7.06437
2.3255
6.33421
8.0224
6.32603
-0.239868
4.99153
5.59037
4.34946
7.59604
-0.691814
4.80883
1.74513
0.901378
7.11956
-1.15387
5.39869
6.13968
4.76749
5.65773
3.54926
7.4815
7.64421
3.83828
4.35468
4.55095
4.53202
5.27761
6.00409
5.72704
5.11377
6.64566
7.86365
2.34174
5.91802
2.50834
4.89331
8.01753
7.09388
3.75471
5.88871
3.2025
3.18575
5.13433
3.38856
6.85388
3.32523
4.57747
5.25067
5.40345
3.69493
5.1999
2.66053
1.7736
2.9773
4.15999
6.00761
4.48317
5.47502
2.85633
4.57325
7.09488
3.86576
4.46785
4.61358
6.40112
3.70169
6.10484
5.08912
4.78611
2.17549
3.59121
6.25568
3.72218
5.58691
8.06342
1.48574
0.966249
6.13451
3.71777
8.59601
6.45674
1.23885
4.31779
3.08907
6.9616
8.17621
5.25166
5.87284
5.36883
2.59044
5.15702
3.54536
4.6785
6.56627
7.85532
2.97507
4.17507
4.44996
3.41177
8.88002
8.71643
2.86416
3.43316
6.5853
3.17972
3.19605
5.14341
4.66573
4.71421
2.63323
7.91172
3.5657
5.20962
6.55348
6.29784
2.58908
7.336
4.64556
5.68902
5.48335
4.10152
4.40957
5.07963
6.02467
3.98907
8.07843
1.21997
3.09525
4.72047
4.47679
1.56623
4.05789
5.21258
4.89645
5.08956
4.03193
5.62705
-1.02975
2.47892
5.32258
6.43899
7.01282
6.21254
9.36228
2.68643
7.33323
7.50958
6.52258
6.52159
7.87246
2.45446
4.14441
5.52567
6.91382
2.99513
1.43949
4.35363
4.60896
2.75742
5.65841
4.8615
5.13042
2.50618
7.43945
3.93086
8.37437
3.16537
1.40866
6.08013
3.46245
5.01867
3.68482
3.10056
7.95156
8.25132
2.3773
5.17281
5.91775
6.70583
1.3355
4.50625
5.17692
4.21575
4.52907
6.81563
7.13279
7.15523
6.73465
3.57392
0.982357
5.28495
3.61018
4.60191
-0.956743
9.32934
2.3924
3.43688
4.98568
4.67051
3.71393
7.03231
2.82861
2.29124
3.27797
6.91524
5.52967
5.37682
5.80676
-0.0859404
8.66102
6.88047
7.68574
2.98556
8.69915
2.38041
5.46086
4.08673
9.25537
5.97699
7.39758
8.35559
7.85879
8.12896
4.80255
4.27312
4.60837
6.01372
5.20383
3.53682
7.29895
5.85078
7.98595
3.49458
1.61857
3.79086
3.92205
8.03442
6.76842
7.81239
-1.40098
5.33811
3.90283
2.7357
6.07864
6.28089
4.29539
7.92461
1.43851
3.94393
3.33407
7.68062
5.60574
5.35677
1.47371
1.86795
6.51275
3.90145
5.85053
2.19402
7.00848
4.59821
5.19265
5.24609
1.07308
3.64184
3.69022
3.15622
3.74437
8.97293
2.52422
3.0892
6.17299
4.56994
4.86722
4.03179
4.98467
2.8284
3.66078
6.339
5.69887
9.18043
5.75619
5.60887
5.53625
3.57275
7.11139
6.43301
6.32424
4.5829
8.47593
3.94073
6.63247
5.81677
5.34452
4.76598
4.73086
5.72974
7.75417
5.24153
4.97416
3.91229
3.00423
4.49591
6.99793
6.77604
2.68208
3.90528
8.53388
4.82176
3.34213
7.05904
3.01473
5.06893
5.0978
8.35292
5.35763
6.44722
4.34683
3.47279
5.54349
1.17398
3.85663
5.06062
4.85613
5.41803
6.62334
4.94816
2.58587
5.07221
7.57125
1.60461
1.66304
7.33374
-0.567328
6.40838
4.88635
6.97238
4.88724
6.48135
10.8962
5.81218
2.25038
6.93031
4.57137
2.34309
6.45743
4.63685
8.2658
4.39291
9.20262
4.24827
5.35269
4.6326
7.38454
4.05411
4.93628
2.16522
8.79245
4.80063
3.60456
3.31095
2.77378
3.17653
1.40784
2.51892
4.86433
2.28954
5.60798
2.38874
7.49857
5.2801
5.7649
6.59411
1.42186
5.8628
5.92608
3.60042
7.60377
2.06241
3.56161
9.24728
8.34608
7.96374
5.85363
5.33894
2.74412
7.13146
5.77278
4.43748
4.27604
2.71101
3.74828
7.33559
7.82972
6.58679
4.60222
5.00832
3.457
-0.0551396
2.26241
1.36898
3.62364
6.37888
2.41061
4.76972
5.75857
7.84464
5.2811
5.79091
5.5231
9.19908
1.8341
5.15756
6.2078
7.30779
7.45653
7.90803
3.38949
5.44179
6.89646
4.94364
1.81087
6.75337
3.00368
10.4872
6.28006
2.0446
1.78222
8.50344
3.75336
6.70884
5.8947
2.98958
1.08784
4.10157
4.84666
7.86373
0.8589
5.92777
6.78598
1.3811
4.32797
3.60682
4.61259
6.32903
3.57121
2.67238
0.966482
3.87406
2.44017
4.0888
9.83095
4.79343
7.28232
5.17455
4.10597
5.04378
6.76546
2.35641
5.32432
7.11037
3.56338
6.70812
4.76932
6.65158
6.02374
1.35138
13.345
3.76356
3.6257
-0.323611
2.95823
5.2883
5.39593
6.6044
10.7878
5.02593
9.53109
2.15584
5.14483
1.17721
3.71712
8.25874
5.14953
5.96942
5.59945
6.72634
5.47
8.27139
5.86084
3.96184
5.504
3.75691
3.75647
6.93223
4.09508
7.03816
0.308375
6.58328
1.99161
4.3279
4.24677
4.9388
9.33677
3.31568
5.09229
7.11227
3.57169
2.18486
4.9932
1.32626
2.00029
5.78393
7.12689
9.48984
6.50368
4.58463
5.98435
2.13114
4.11756
7.55937
1.44038
7.70936
5.9873
3.64576
7.55413
1.11844
4.84652
3.00347
3.74476
7.36137
1.18772
8.68419
4.57794
0.485413
4.5198
8.01553
4.52037
2.96707
5.27398
5.29369
8.50814
4.79093
3.22559
3.71405
1.79938
5.48293
5.45592
5.92759
4.93263
3.80961
7.88779
5.38718
4.67596
5.43297
2.60195
1.44234
12.2176
1.62381
1.18053
10.9772
7.27776
6.43017
5.59082
7.18497
6.67658
4.09545
8.40623
3.5064
3.43823
5.62464
7.01204
3.21939
4.17834
2.6044
6.11785
6.44062
4.0036
3.64861
7.70185
5.61415
3.01386
5.15846
9.21275
5.23287
3.73414
6.20253
4.24095
5.24368
1.6976
5.67776
4.02334
4.03719
5.38644
6.05764
5.74007
5.67636
3.07069
0.280483
2.2575
4.51147
5.36676
8.06199
8.07807
5.08448
3.76943
4.29961
3.08485
2.68928
1.93706
5.62169
5.47863
3.44722
2.0063
4.68585
6.66268
8.56321
4.23789
6.27446
9.37892
5.02122
4.84312
8.26233
2.03219
3.31429
2.49209
4.56329
6.38828
4.30937
4.08037
4.7531
3.20883
2.21754
3.26298
5.17065
7.82447
8.76842
6.91133
5.69423
3.59909
3.75267
3.18668
3.33479
5.15579
4.15282
9.37208
9.2339
6.51105
3.63068
0.399085
4.76091
4.92072
4.05779
6.91627
6.69228
6.53077
8.49722
8.19573
2.50935
5.50627
1.57182
4.54319
5.31791
8.59209
3.69407
6.16112
1.23092
4.16798
2.15036
6.10793
7.63736
6.02768
5.40466
6.08085
0.821337
5.27649
5.37692
3.00083
4.06001
5.4498
7.57106
4.19097
3.14044
4.77474
8.64641
7.76342
6.74595
8.13436
6.41135
0.434235
6.15583
5.05049
5.26093
5.13141
5.03943
5.4258
3.83742
7.48372
2.86802
7.76154
6.6258
4.65957
7.9283
7.16849
2.97821
-0.00217775
9.0458
5.61872
4.80425
5.13082
6.43055
6.46533
2.95458
8.70307
6.25764
5.64431
9.10728
4.25932
2.42229
8.1085
5.53162
6.32926
5.58407
2.1615
3.46699
2.12523
4.32576
3.80215
5.67805
3.61402
5.31639
2.89924
4.1625
5.65504
5.79814
7.36876
8.16951
6.10904
2.82731
5.82674
6.35139
7.56676
2.54294
3.40584
5.64714
7.24442
5.05679
-0.564317
6.04409
4.37902
2.76222
8.29572
3.16553
2.09261
6.82831
2.95877
0.325585
3.51533
3.3953
2.56778
2.16808
4.46192
4.30364
5.6672
5.13444
6.00644
1.7567
6.09314
1.64125
2.73437
3.92211
2.54436
1.63798
11.3187
5.27383
7.35835
4.07726
5.14747
2.87478
4.79637
2.97726
5.68967
4.99844
6.14799
0.582594
7.188
5.27715
6.20884
3.3133
6.31497
10.6528
7.93565
7.54297
6.20957
5.94415
2.75426
5.54894
7.12793
4.87525
1.41018
7.27421
5.09142
2.53238
2.96327
2.11941
2.39764
5.73904
8.54816
7.37314
2.28363
2.13973
4.92285
0.680196
5.88101
4.64843
5.92039
3.95647
7.60311
8.6523
3.31556
4.97432
3.51773
5.94844
5.63541
7.58926
4.89968
7.24701
7.77571
2.85871
9.17178
5.52847
4.27877
6.48989
2.27854
6.99101
3.79634
7.69891
6.37602
7.14129
3.63819
5.99979
7.45821
6.89835
5.1607
6.15718
9.23095
5.39246
4.95597
3.91986
6.42381
3.58811
8.08295
4.22721
3.05848
5.67401
3.96361
0.731446
2.34068
4.57748
7.9983
7.03591
3.57529
7.07875
1.36088
3.67578
5.43895
1.21657
7.44884
2.70476
3.89329
3.99919
6.58875
7.12018
5.48648
2.92821
4.69522
3.75152
6.95707
5.0892
1.50494
7.44098
8.92822
5.43525
7.24664
5.11579
4.53798
0.593022
4.86811
5.26871
9.33707
7.53805
6.52633
1.21475
8.71977
2.70479
5.32469
6.78786
5.58295
8.1797
3.08753
5.58748
4.11296
3.44425
8.07941
5.6729
5.11485
5.88373
3.45829
10.9362
5.65668
9.10164
5.81544
7.46726
5.77146
0.664211
5.98017
6.0782
4.09686
3.33526
2.35787
4.93685
8.60111
4.46158
8.64102
3.32397
6.92595
2.34525
4.57467
2.22429
7.28657
5.10966
5.04222
8.17413
4.3273
10.2919
5.38763
7.84684
4.7582
6.1234
5.63796
4.02252
5.44332
5.0442
4.31961
4.13094
6.40427
1.52537
6.92647
0.879341
9.19754
5.13126
7.70775
6.07635
4.78324
3.43742
5.60416
6.41843
7.91453
3.27809
6.59152
5.65203
5.9602
5.25683
7.82007
4.75835
2.59282
0.23392
9.72405
7.94846
8.02431
5.73214
7.61401
4.45501
6.17582
7.75386
5.60106
6.93427
3.98863
1.48407
5.64598
6.83771
6.99877
4.33226
2.43048
6.61387
3.33932
4.38017
5.68212
4.46991
4.67767
4.80393
3.35358
2.08672
1.58745
2.98639
5.765
3.81453
6.24936
7.57989
5.78009
5.07438
5.59193
8.88199
2.98911
6.19472
3.08589
3.10049
5.34983
4.46663
5.04015
6.94408
5.00529
3.25014
1.6453
5.25536
7.58051
3.47857
5.44814
3.03646
1.52312
2.89735
4.57253
4.09385
6.76615
5.98175
5.40101
3.83383
3.74776
2.80337
9.45156
4.23817
8.08955
4.82664
7.33745
5.62889
5.86916
4.9968
2.81514
6.98073
5.59604
5.04461
3.45894
4.24306
7.62567
4.4803
5.83776
3.25585
7.37857
4.18545
7.32595
2.72095
3.20061
1.60894
4.03538
9.25217
3.86276
3.64658
3.23971
6.82149
6.18759
8.81869
4.34697
6.77572
5.83032
1.14942
4.8757
6.74567
7.09969
8.90664
5.46512
4.14862
6.15551
7.73551
7.12282
4.7034
6.0011
0.45196
6.57897
-0.431233
4.27691
9.02687
5.2308
4.25791
3.72788
3.64722
5.87285
4.02256
5.99427
7.99006
5.18584
8.1319
5.66054
5.09809
6.59928
6.23931
6.79809
5.78133
2.85015
8.59931
5.57572
4.15515
5.19592
6.36546
2.54454
8.1688
3.26177
0.774005
4.23871
5.78819
6.86469
5.90578
4.74649
2.57156
6.24151
2.73655
2.05379
7.60642
6.88929
4.27417
5.00356
4.66528
3.59039
3.83101
1.85899
5.12952
7.34031
5.6554
8.08973
5.04651
7.00508
5.27668
3.43369
2.33313
6.41508
3.03929
8.11424
7.0411
4.21223
2.32033
3.31018
8.59558
3.64655
6.74426
6.75615
1.58703
4.76082
6.93857
2.19276
5.89084
2.21943
8.48203
2.27896
5.91763
5.71873
2.1686
4.15989
3.77849
8.05316
4.11793
6.40734
0.430438
7.39576
6.41377
5.76507
7.17931
6.19851
0.69546
5.76477
8.77964
2.54427
1.6523
3.29152
3.45816
6.33121
3.80006
6.6863
7.27136
5.6514
10.7295
4.1824
5.7149
5.32122
5.07107
6.52161
7.44555
3.3133
4.98523
3.2179
5.1182
6.00817
3.96832
1.97321
3.13052
4.3599
7.73001
4.33294
3.81602
5.39835
3.70605
6.54694
7.96606
4.47677
6.61207
5.60277
6.73414
0.105281
2.93519
2.7848
2.71993
4.09679
5.81439
3.94824
7.05822
8.01826
3.92776
7.34245
7.12452
4.15367
4.35719
6.37385
5.99178
8.60204
7.08635
6.19071
0.907414
2.2481
2.08447
7.44978
3.67961
5.22766
6.89223
4.23961
4.53776
5.87809
-0.195854
6.04423
6.60127
4.35547
3.18841
2.66849
-1.57533
4.16434
3.76521
3.83516
6.00185
5.91931
6.70142
5.42291
2.94393
5.07736
1.65414
7.46536
1.86795
5.68054
1.9011
5.5212
5.67909
6.51371
4.29403
3.82855
3.88019
10.1644
4.60182
4.31765
7.7272
1.43609
5.07144
5.57764
5.33211
4.50254
6.60432
5.35339
4.61168
1.2552
2.69087
7.38142
5.83175
3.88461
1.10504
5.40299
5.3705
4.20325
3.46024
6.39531
0.615943
5.91632
3.79107
4.85305
8.89888
3.37373
5.02219
3.22006
4.08712
8.63323
1.65392
3.38466
6.31887
8.54687
4.44119
5.76336
3.78705
4.45299
4.32657
8.29753
4.81306
7.21369
4.01439
4.94541
6.66212
2.43499
6.02498
6.10763
6.81807
5.41325
8.0072
4.98148
1.7401
5.40502
2.34531
4.64287
5.0244
6.28666
7.68632
5.37868
6.02623
3.97732
8.09823
5.29804
5.48115
6.59872
4.61959
5.12063
7.51186
3.68545
4.82431
4.75175
-0.0557962
6.31894
4.98035
6.97841
7.01872
6.44495
10.806
6.73345
5.17608
7.38231
6.80181
4.18412
4.87151
5.44629
5.40067
4.40645
8.39507
6.48415
1.64666
4.84441
4.68504
5.1587
5.42402
2.55178
2.34461
4.98105
3.64929
5.53995
5.92046
8.608
7.01139
5.40315
5.6623
9.21999
6.70899
5.82343
-0.0295996
3.30685
3.66016
8.91864
6.76108
6.37226
6.05858
4.1643
6.49471
3.46301
1.09287
6.97582
7.95042
3.72424
3.32075
5.33012
1.99155
4.3355
5.7738
8.11314
6.87612
5.36004
2.94587
7.00074
7.14843
6.15808
4.97303
5.97612
6.39593
1.38535
5.78756
3.5996
1.99988
5.6526
7.34986
2.45893
4.28596
6.12878
6.74856
7.93268
4.47137
5.11085
9.3015
8.54228
1.60585
4.1346
3.98198
5.89264
3.38677
6.84755
4.85032
5.7439
3.121
4.15741
7.7234
4.83631
4.64157
4.44636
5.2524
8.75904
3.24556
3.20526
6.56058
3.37681
9.21657
6.07903
6.60873
6.7484
5.58626
5.21646
2.35103
1.24982
5.52825
1.43564
4.61767
1.77573
5.19192
3.60617
2.44167
2.4222
7.54374
7.42683
5.87906
4.80371
1.12324
6.25692
9.35791
1.29753
5.62131
5.29508
7.79383
1.40007
0.586497
6.91808
6.51572
7.98283
8.7027
1.33864
4.6393
4.02204
4.11558
7.75797
4.71346
2.9664
5.44147
4.60341
1.80377
2.82347
4.63664
4.40005
7.58189
6.18724
4.31853
5.69489
3.68458
3.01796
3.64987
3.80639
8.74875
5.37964
7.15358
3.80795
3.98257
5.59484
2.38284
2.89566
6.45488
0.864631
4.69611
4.74692
2.493
5.20783
7.67378
6.67342
9.45601
1.60377
8.5628
4.46979
7.36253
5.14649
5.94808
4.24441
4.03203
3.35514
3.7251
5.59685
4.69628
1.83852
3.05288
5.71375
6.36016
5.38886
1.57674
5.64529
7.24016
5.71503
4.88611
1.39501
4.45213
1.30469
5.53236
5.46292
7.3557
5.23143
4.43765
1.94796
9.07996
5.0276
0.638301
-0.389927
1.9062
6.12327
5.67435
3.20705
2.80232
8.40172
7.96108
3.06981
5.29497
3.04011
3.55441
2.42825
5.48447
5.4252
7.79945
3.04144
2.5793
3.10762
6.17539
2.40699
5.17679
3.4101
5.18483
2.26178
8.13245
8.05977
4.60161
7.73357
4.44064
6.13274
6.28043
3.26661
3.54341
4.53384
3.83841
2.47163
8.58363
4.66685
5.01392
3.40451
6.09518
6.04486
7.95823
4.72205
3.83134
4.78842
6.28692
5.56522
5.15198
4.59764
5.73067
2.21564
6.0012
4.88283
6.58802
3.16036
5.6239
4.52243
3.62564
4.89191
4.84469
8.53023
5.28933
8.59631
5.81119
6.98659
6.73259
2.29621
6.20246
8.25254
5.15582
3.89471
5.95889
3.8911
6.38981
4.03031
5.02664
4.85852
3.12316
4.89331
2.70896
7.82051
7.7
4.59829
6.87695
5.94837
2.94356
4.00075
5.8307
2.67901
3.23916
5.82582
6.09986
3.61897
4.00842
2.93149
5.24745
5.35388
3.75888
4.25883
5.75003
4.99232
6.31085
8.03659
1.51235
6.51699
6.85846
2.58433
7.701
6.14698
4.32436
3.02826
5.41747
7.77278
4.81339
6.94753
3.06046
7.02436
8.66843
4.70706
5.19235
6.6063
5.53524
2.95845
6.61255
2.9507
5.58192
1.13009
7.91859
4.76712
6.17344
1.91811
6.59438
4.7842
3.35622
3.15273
4.48623
8.08764
7.44183
3.97992
6.46432
5.08097
6.12196
9.00737
4.98835
8.01006
4.11545
5.43796
6.69759
7.04654
6.26488
4.1386
8.62714
8.13015
6.36409
5.62623
7.31372
5.27579
3.8813
3.90675
5.83382
3.10946
4.28136
6.82084
9.01012
7.66867
5.23093
2.87018
5.92976
2.8145
2.1179
6.18732
3.43904
4.99702
5.85108
4.5498
5.01032
7.94452
6.38379
6.31991
6.85728
5.68267
6.51206
3.34378
3.14769
5.89324
9.69565
6.21346
1.20161
2.59925
2.45323
5.09565
3.97019
6.6172
2.04353
3.57553
6.76483
4.10739
0.885696
7.53729
3.07256
6.63428
6.04875
4.1146
2.75286
4.36955
9.23475
3.18483
4.91468
4.13849
3.5104
6.33923
6.62133
6.53203
2.68849
6.90641
4.31763
2.2121
1.70957
6.2852
5.53688
6.66378
5.00017
4.76106
5.3699
4.26211
5.74748
7.7691
1.27413
4.52288
0.733904
7.25864
2.11076
6.0735
7.39025
3.3794
5.62533
3.73985
2.67214
2.9383
4.83292
0.406443
5.09729
2.29463
6.29135
10.7864
4.85029
3.6147
6.34681
4.50382
6.25533
7.25389
2.76751
4.58748
9.80307
6.7727
3.93084
2.77099
5.48855
4.41176
2.73415
2.85927
0.0855177
4.22361
5.84607
6.24617
4.86917
3.43767
2.204
5.04142
5.67711
5.8689
7.28003
4.75454
3.97117
6.5624
5.95033
5.78589
2.7335
5.83868
5.93174
2.82789
6.6559
4.43959
5.84407
1.93799
2.29583
4.88696
3.8551
4.13067
4.37823
3.76998
2.88969
4.65991
4.43947
1.48289
4.51512
8.55788
4.33405
2.52672
5.31187
5.1391
9.15192
6.40092
3.28377
5.06623
1.73465
6.29734
7.50171
9.27725
5.88297
6.42098
2.1635
9.84953
4.49191
3.9868
1.52984
9.89433
5.9972
7.48909
5.56078
4.71008
5.6307
7.74138
9.34923
5.67916
6.89632
7.1761
6.32145
8.60533
-0.0216638
3.42157
5.72705
3.9345
4.07306
4.89399
5.63859
4.92964
7.48143
6.58275
7.21472
4.2826
3.88721
8.47153
1.61323
2.37225
5.25427
3.04839
4.73591
2.77876
3.63896
2.55484
8.58872
5.78682
5.78064
5.75979
5.95733
4.82522
3.49779
1.80311
6.11869
0.659351
3.9998
2.3274
5.4004
3.03299
6.32593
3.27473
6.21805
4.99511
6.9781
5.64948
7.40245
6.12124
6.99585
6.34509
2.93575
1.73135
5.8048
7.51933
5.91741
3.47327
4.47211
6.59394
7.6443
7.89275
3.14106
7.39602
4.64407
3.6829
6.00677
6.44905
5.75405
2.07118
3.58641
5.86725
4.2321
6.91489
6.90562
5.74645
2.99353
7.13302
7.49331
6.11661
2.61885
5.78406
1.70525
7.19077
4.2497
3.99042
4.89732
6.35768
6.22053
2.93259
7.46364
4.65208
6.37994
5.42898
6.38092
3.63193
8.96392
5.70694
6.17813
4.99958
2.43645
5.17067
1.84733
8.57421
3.82953
4.87929
1.94278
2.17881
4.87633
8.31847
3.55192
0.237787
3.75762
6.53759
6.53427
7.97498
5.11789
3.70936
1.90153
1.30306
4.61524
0.986389
5.13969
7.77148
6.29231
5.28184
3.50179
2.5257
4.82191
4.22799
4.9602
8.37887
4.58433
3.22007
6.41417
6.86731
6.64143
3.44044
6.88811
6.6671
6.13349
4.49685
6.89446
6.61995
2.95903
1.6749
4.63616
5.8767
5.22285
5.29606
6.96125
5.99424
4.67003
2.99984
2.04101
8.41596
2.96047
6.00736
4.19454
4.26972
5.8855
4.22185
3.72937
6.44185
1.2053
3.586
6.13481
2.44448
6.62999
6.32112
6.094
2.25619
2.30073
4.48384
4.13756
4.19614
4.57212
3.46382
1.73803
6.3235
5.64336
4.20335
1.71417
8.12084
2.65151
2.69316
2.19699
5.22377
5.77089
4.72177
2.378
0.0407689
0.859971
6.13628
4.38918
6.7307
5.07626
3.30545
7.87773
3.72914
6.33065
5.22205
4.01018
8.19655
4.65475
3.14455
0.689698
7.18414
4.94687
5.02795
3.72765
11.3333
2.47571
4.86297
5.22611
3.83227
5.62903
2.90991
8.12148
5.13563
-0.747747
1.74677
2.21213
7.57584
2.02808
3.87348
6.20113
1.66917
2.91172
1.61497
3.94705
3.42337
5.2762
3.51596
6.31332
7.15383
5.73608
3.44449
3.04158
8.77363
2.94267
4.12096
8.21338
5.70147
6.07833
3.49745
5.40761
0.120544
7.06958
7.75643
1.80029
5.55096
4.52077
4.79655
4.81117
5.14056
5.5722
5.36486
4.28256
2.99255
4.0547
3.87851
6.60394
5.1311
6.67247
3.43642
4.47067
3.40722
7.65298
7.40202
3.42794
2.2424
4.61644
2.47897
0.562565
5.37858
5.28145
6.12305
4.59946
6.19972
0.976939
3.07585
1.74757
7.64301
4.93746
4.91435
7.25335
5.58787
1.50676
8.12046
3.67196
7.99131
2.93339
3.82163
5.17573
4.98572
4.71403
3.93093
6.58947
5.31679
7.18958
2.7792
5.36124
4.23397
6.3495
3.56813
2.17411
5.09006
4.74936
4.37902
4.14097
2.08846
5.29002
4.56405
5.60495
5.03918
7.17126
4.35337
1.9742
7.45186
4.32452
4.55073
5.85136
4.15509
4.92521
2.08463
6.4052
3.42217
8.47972
4.71555
5.14572
7.50359
1.10183
6.85659
1.29329
3.17601
6.54393
4.29936
1.84239
4.273
5.10281
1.76111
8.54349
6.87677
3.63186
4.52205
4.76607
5.57067
5.76365
4.40215
6.01353
3.79333
7.0449
-0.0363258
3.78771
3.34412
6.64405
3.96588
4.11924
3.00436
7.26846
3.07539
1.06963
6.61095
3.61309
8.56741
5.85087
5.93532
4.35313
4.53843
6.02491
2.94856
4.90483
6.08006
3.4956
7.54162
7.05025
6.27358
3.06313
4.31139
-0.12773
6.57151
3.96866
7.87649
6.10679
8.53039
2.71866
3.05572
4.60559
3.54242
5.56652
8.01842
2.32378
4.08589
2.0496
5.93351
2.36845
6.75186
6.1195
3.35134
6.47759
4.64428
2.66363
6.71279
6.43168
3.03868
2.24004
5.57936
4.89733
5.57985
4.08769
4.4146
6.28159
4.96552
2.82898
5.45737
5.25684
7.08964
7.9666
3.19377
4.76551
3.90759
2.77254
2.4482
3.1451
6.07984
2.8225
4.72562
8.34478
2.44836
3.70172
4.28641
5.16359
4.09233
4.92712
5.65883
3.45118
5.19343
4.36295
6.35593
5.41663
3.42559
6.6503
4.67322
4.8926
6.8322
6.24885
7.40804
3.12259
6.65624
6.09789
7.19735
5.18113
4.55855
4.1699
7.13533
2.92243
3.15454
1.65749
4.492
9.11172
5.09393
4.82394
2.72257
2.79642
3.3871
5.52106
4.93227
5.10283
2.63462
3.65792
3.82478
5.2065
4.89237
6.58474
5.06359
5.71514
4.05152
8.08718
5.35348
9.82785
5.80779
-0.0924572
7.56801
2.9432
4.27854
4.05063
4.94083
7.00398
5.26765
6.12766
4.75595
1.84113
7.08929
8.15738
4.89019
5.19371
6.12075
3.537
6.59505
2.95117
6.33154
3.53844
5.94285
2.40598
3.29456
5.92249
6.2909
5.32891
7.46058
6.35003
3.67017
4.24053
2.89423
3.16865
0.30981
3.59103
7.94812
3.79585
6.92426
5.45224
4.44539
5.25487
3.9378
2.99816
4.8933
4.25877
5.98514
5.80735
7.80813
5.60347
7.3391
4.09204
8.97482
4.55352
8.22871
2.79183
5.52743
6.21218
3.93798
6.46559
5.93443
5.17268
6.78613
0.199229
7.27117
6.07763
8.67635
7.62006
2.33094
3.06126
5.69444
2.71191
6.02245
5.0264
8.89149
3.67817
6.67864
7.11151
3.52047
5.30966
0.760661
4.12947
5.2372
1.15052
7.89483
4.9824
4.4231
4.65398
4.5732
5.6462
8.6456
5.11524
6.60423
3.112
3.82032
7.57963
3.24514
4.05436
6.98292
4.26859
4.43634
4.26145
2.12691
5.59665
3.38958
6.75851
4.11395
6.22853
4.14473
1.97751
9.31666
5.51918
5.06909
0.68731
4.05496
3.43695
2.28367
3.74291
6.23404
4.25176
3.50523
2.80883
7.08832
8.70738
7.41082
8.95963
7.36589
3.53736
2.81281
3.74426
5.99531
5.01644
5.22084
7.23478
2.15087
9.98458
2.18823
4.33047
2.42424
3.29207
4.06355
6.44897
2.70423
5.98149
5.47953
8.67268
3.78822
4.06443
3.37442
5.54134
7.14673
2.9396
5.41991
5.1778
2.76751
6.58688
6.50593
6.12752
4.81356
8.7264
5.38464
4.02464
5.07311
5.24932
3.8292
5.6117
6.09779
5.75868
3.34048
2.76161
9.33086
9.21873
4.89975
1.68238
2.75139
2.94814
1.47614
10.1616
3.66039
3.89154
5.23785
6.42569
2.3224
4.88951
9.7671
7.70318
0.782526
5.94192
2.89746
5.54464
4.86208
4.63577
2.73904
7.10404
7.01579
4.70285
5.62213
6.28419
2.70132
6.96001
5.39749
4.13016
7.32559
4.17537
4.6243
4.05552
6.94624
5.02562
0.561315
4.2806
3.32889
5.32125
2.10777
5.40893
1.83629
5.78302
7.62435
4.38281
5.4185
4.80797
4.02286
4.58315
5.91619
3.90815
8.8575
6.13555
4.7008
6.22357
5.55511
6.33462
6.19255
2.67802
6.78481
2.38677
5.65352
6.40526
6.93932
1.71691
2.91897
3.79985
8.80906
4.04042
6.43512
1.43532
7.58456
3.03543
6.12522
5.37405
2.0886
3.17845
4.64871
2.65446
4.01186
6.4356
2.91772
4.1266
4.73656
7.87587
7.7542
3.97374
1.76071
6.06285
8.09818
4.09747
4.86829
2.59355
5.97538
2.69426
8.72029
5.3615
3.57691
8.6056
4.26342
6.84995
7.46361
5.80611
2.00787
6.3781
4.59388
2.06118
5.05126
0.525672
2.84611
5.60934
7.6227
4.9148
4.32233
5.1524
6.77213
7.21026
4.28317
7.35269
4.07962
7.49431
5.24376
4.66893
6.55421
5.61697
3.48302
8.8412
4.98725
8.04513
6.02978
3.09077
4.17708
2.5283
4.81786
3.56515
7.90807
6.31255
7.31228
2.72106
2.79237
5.50955
3.60909
5.566
2.44682
5.30363
6.43833
5.88591
7.3173
4.69307
8.51361
4.46613
7.66152
5.03283
6.5588
6.64115
3.08541
4.09553
6.9907
8.70306
3.19427
8.62061
9.55408
0.772535
1.0976
5.2128
1.31177
7.47625
5.21624
6.29753
6.51135
0.491743
3.85372
3.38183
0.869684
5.61504
4.62067
6.38934
8.45385
5.71641
6.78951
4.06388
3.08315
6.46745
4.77723
0.813706
1.8876
4.92887
6.36947
3.57382
3.92458
2.19869
6.74851
6.34349
4.9229
7.02028
8.87333
4.38732
6.13727
6.33574
3.93875
7.36999
3.08095
2.42584
1.04339
6.22448
3.57118
4.24182
4.44711
1.90281
8.47635
2.9094
2.15969
7.50691
6.07187
0.0287561
5.35282
1.61608
6.91463
4.11022
8.30092
6.77807
4.65941
0.55458
7.03383
4.98957
5.31696
7.19068
6.67402
2.12938
9.97177
3.43158
-0.579995
7.47572
3.73744
1.61233
2.44647
6.1638
7.36332
3.41669
0.654725
2.33556
3.97759
1.27101
5.23427
2.98568
1.99541
6.45063
2.80295
4.7608
6.87105
4.2132
-0.947403
4.52073
3.35569
4.77196
5.89278
6.11103
6.13704
4.77974
8.51281
1.77919
3.9932
4.81429
6.31512
2.08695
6.91119
5.79538
6.58209
5.52694
6.11242
3.3954
5.08212
8.72553
5.27606
6.50103
8.7349
4.05898
4.55479
1.24356
3.51203
4.30719
5.51181
5.73068
2.26137
4.90142
5.80055
4.18553
2.19486
4.54916
3.70077
3.76905
3.99559
3.93196
5.11505
3.47834
5.65989
3.48706
2.27895
3.80261
6.97007
6.07788
1.38245
4.44871
6.067
8.43234
4.22481
3.7024
6.72945
5.00476
7.77347
5.04327
3.47446
8.28113
4.19628
5.56096
5.58567
6.81238
1.88738
3.76642
7.85243
1.95856
6.00743
6.27448
-1.13692
3.28368
1.27965
3.56125
6.54651
3.19911
4.02823
2.45318
0.0948035
5.65832
9.1104
5.07382
3.46343
5.93663
5.1816
2.73355
5.32046
4.58061
10.198
4.79323
9.39348
8.4104
5.39899
2.65564
5.88785
1.9932
3.23808
4.95661
1.91833
3.3488
4.06811
5.05022
5.68669
7.32986
6.12398
6.71157
4.61948
5.46942
3.26353
9.62511
2.68197
2.58813
5.56803
5.00778
3.89573
4.87298
4.73164
3.66166
10.6741
6.96518
3.44046
6.54477
9.44663
3.19825
6.04538
7.66657
3.39954
2.39716
4.45179
1.12558
4.62034
4.8456
5.22225
7.30321
3.39965
1.68154
5.28061
5.17149
4.57377
4.20223
3.4955
7.0116
4.95981
4.24248
1.69812
6.81337
8.08628
8.79208
2.02508
6.93194
6.57002
4.22217
5.7416
3.08464
7.37873
1.41488
3.49071
4.24286
5.84474
3.41797
4.1627
2.44497
4.86978
6.13755
3.06046
7.51054
2.42194
5.48707
5.50795
7.47663
4.61597
4.36123
6.76931
1.05585
5.79043
6.98921
6.12434
2.87936
5.88192
0.849858
3.41968
9.60934
5.70592
5.71655
8.34402
3.18173
6.10595
5.43286
1.91798
1.98037
6.18888
5.09069
4.47453
7.19809
5.13912
4.45036
2.81083
5.05935
2.70507
3.1397
2.45985
4.88252
6.60379
5.76653
4.39066
4.18409
4.68399
8.29882
2.34144
4.15082
8.2776
1.46412
7.34582
6.34992
7.78215
3.52814
6.4178
-0.0249512
3.90154
5.86826
4.06812
2.88475
6.53414
7.95768
4.52633
4.94357
4.73256
3.43269
3.44068
5.12397
4.1137
5.89077
6.70997
1.83177
4.3675
5.35439
2.96746
3.5456
3.49361
4.00885
3.55483
7.12161
4.65022
4.3808
6.34356
4.79443
3.83386
2.35703
4.57819
3.82182
8.65273
3.41212
7.67953
3.42131
3.50388
4.67078
6.86319
7.67836
5.85784
0.468297
5.00082
5.6214
5.41063
3.06953
3.19325
4.81304
6.28559
2.11455
4.22888
1.62243
3.65468
0.941452
6.09828
5.34996
6.94345
4.22554
6.23203
6.03844
6.12472
3.58951
0.215784
2.32893
2.09371
9.84781
7.6313
6.39601
5.06271
5.88382
6.4795
4.3187
3.3852
5.16798
2.76217
6.77422
4.53005
4.77018
5.35511
4.73168
6.27421
8.1465
2.80316
5.69871
6.75018
8.88127
5.18596
6.55455
6.29849
4.83554
5.35736
9.5723
3.95457
5.47353
3.52245
6.64297
3.9052
6.19263
2.92343
6.56198
6.32944
3.01039
6.7448
7.06194
6.44901
6.61964
8.83842
5.60034
6.0698
3.62576
4.75298
-1.07924
2.87603
6.69982
2.00167
2.35498
3.2337
6.89529
3.82846
6.03987
6.14612
4.47469
2.62744
4.41412
3.26055
4.38154
3.91801
6.58604
5.36146
4.19279
5.57666
0.87205
2.87451
5.77259
7.33676
4.62044
3.68366
6.32256
8.59645
4.00884
1.71853
2.4511
6.158
4.25703
3.34802
7.04292
10.2481
3.65956
4.10961
7.53223
6.70787
1.50537
4.01434
4.80466
7.14891
4.98489
2.75973
6.3684
4.80393
8.1711
5.54132
5.24083
6.07599
4.96502
3.75197
4.85973
7.05988
4.49152
2.35245
5.84115
7.12524
4.45805
6.94467
2.92137
6.93939
5.85576
5.38454
7.85821
0.817954
2.79752
5.13292
4.71011
6.39529
7.89372
2.95324
4.36209
5.84141
4.47965
2.32099
6.24097
4.75515
8.34521
3.50606
4.27344
4.69352
2.65733
8.12045
3.54373
2.76334
3.01508
6.85818
4.97597
4.61893
6.3845
2.00037
6.82939
6.96698
7.96192
2.90189
4.91135
6.30787
4.1358
6.85403
3.20572
3.97651
5.70685
3.1125
4.54099
7.47256
6.62155
2.61722
6.50831
5.75556
0.665557
1.62461
3.66611
5.07708
2.49905
4.58501
4.70794
3.09247
3.79588
4.33754
6.7621
4.29749
9.688
4.61938
2.38405
5.41606
7.14847
2.21677
5.72812
4.39342
4.16441
7.76862
7.16853
4.35845
2.85665
6.4245
6.56637
7.76621
6.16664
6.0949
5.90757
6.66756
-1.43915
5.44734
6.90881
3.18541
2.07323
6.1443
4.45588
8.81287
5.68872
4.57193
3.11046
4.81329
3.73427
4.89008
4.06627
3.02188
3.84299
0.126163
3.15986
5.35739
5.81499
5.99346
6.37511
0.620727
2.92135
0.898079
3.82834
5.22736
7.15326
7.57196
2.97372
6.19227
3.62733
0.556369
6.7112
5.20338
8.87897
5.78045
4.30194
3.38279
4.3119
8.45266
1.24075
8.50072
4.02475
3.69817
4.40759
8.67808
4.13643
-0.346174
4.17228
5.06387
10.8234
2.44072
4.17276
3.51537
5.05046
5.78147
5.89639
2.04301
7.04724
5.46547
3.81177
7.33155
1.83444
3.99091
3.82312
5.11185
5.15229
5.40695
7.42476
7.82587
2.95287
7.38926
5.7158
4.79488
3.52882
3.90144
8.41918
6.37897
7.26623
2.29067
4.69797
4.14763
7.7685
6.66235
2.19694
8.26776
9.17204
9.56211
6.30369
4.43355
5.17967
9.62726
5.71004
1.9638
6.64847
6.9929
5.73781
3.49714
2.57552
4.13314
3.68225
3.55638
5.53322
5.11165
2.06446
3.93507
4.08737
3.52602
3.90912
4.83871
4.38727
6.69363
5.72241
5.44829
7.5966
4.25917
7.3158
4.94352
5.91472
6.73869
6.28348
6.62559
2.91802
1.32316
