36.6581
27.598
44.229
27.7072
38.1158
44.7975
38.119
32.8582
42.1467
39.688
57.7545
41.2939
47.3904
45.1597
36.6029
34.6407
31.3509
50.0897
29.0157
12.7094
30.5472
32.9058
18.8795
38.2764
29.4027
37.6798
36.0692
31.4232
37.111
45.8625
41.3427
30.7676
50.9713
45.3709
34.6555
44.1189
49.1798
38.2399
35.1261
48.6102
25.4621
36.5725
33.381
38.482
53.5157
37.7072
33.9947
34.8431
32.1039
22.8136
28.5248
45.2887
48.1767
25.3561
28.6785
52.5419
39.294
36.2831
51.1203
19.0828
43.1366
37.6706
42.645
26.5583
48.2898
43.0368
24.3217
36.7327
46.6396
35.7484
33.8792
27.9594
36.5372
27.4654
44.8095
37.0292
38.7034
37.1767
37.9803
48.5245
36.3212
50.2706
48.1529
42.0343
39.0486
38.3575
38.9952
20.4087
47.1053
35.6797
46.5369
47.1082
30.8368
38.2038
56.6286
36.66
45.0884
10.9797
50.4361
35.3203
33.1583
33.9349
32.3553
52.8568
46.3966
42.4155
26.1482
43.0754
42.9872
36.5157
29.1132
28.5168
31.1899
46.4212
34.2034
49.1039
34.4473
34.635
33.5831
35.2308
49.0505
42.9436
44.353
50.2194
22.2606
46.2271
38.4625
28.151
53.3627
44.5478
39.2842
36.4127
20.2759
43.2177
61.002
45.3191
19.4679
28.033
17.7689
28.3131
36.3457
35.3051
48.8278
46.3022
56.9493
33.1086
27.7277
40.8479
40.7174
17.8488
36.3541
49.0697
52.5498
34.0914
47.7219
45.4487
40.1227
41.5953
37.8806
35.742
24.0002
39.9417
51.3776
46.0303
30.0265
24.4637
31.712
34.8849
33.1454
30.0073
58.8998
14.3775
40.1895
35.3029
20.8358
45.6202
37.7021
33.1942
40.2061
53.6343
36.0667
35.7003
28.9
40.5198
33.1545
22.9969
40.1018
41.3127
56.4129
32.3895
39.987
24.3026
35.3238
26.0039
46.1932
42.4802
30.7163
45.4463
44.906
45.472
36.6835
38.2422
43.8899
26.7037
25.5456
31.8872
34.8846
34.9375
41.5962
39.1713
36.3952
38.157
36.8553
38.2747
30.8056
38.1121
31.0326
42.8158
35.2613
30.1675
45.3243
20.8787
45.3053
47.5002
36.0933
43.2001
22.9893
35.2392
22.0528
31.9281
39.1596
23.7856
41.7278
44.5487
30.5991
16.823
28.0292
42.9433
22.457
48.47
49.7064
38.1472
48.3354
24.1699
23.5435
38.7883
40.2393
32.9543
31.0487
24.5741
36.1282
23.1178
38.5815
33.8244
41.844
18.952
41.8158
36.9748
43.3622
39.5991
40.5887
49.8696
31.146
35.2229
49.0644
47.7063
32.6726
27.5498
34.2505
33.2172
34.2063
38.4566
36.6675
38.5084
36.6373
44.9374
41.1394
48.6762
26.1209
38.4706
47.6761
61.1633
43.2072
56.3255
45.1935
55.1441
38.8679
10.3402
38.0275
33.0465
57.982
47.216
37.0876
52.4237
36.5976
55.8665
28.2534
46.8017
40.1275
21.0413
-56.2927
-65.1668
-57.2346
-59.6588
-56.2407
-57.8334
-56.9779
-61.8548
-53.1093
-62.0437
-55.0618
-67.0534
-52.2643
-58.8535
-59.6688
-59.6397
-64.185
-67.3423
-61.0029
-57.8834
-66.8264
-57.8697
-52.8825
-57.0667
-58.1361
-55.6761
-59.4463
-57.7441
-60.3252
-57.8395
-50.6488
-62.5078
-56.0774
-55.655
-58.8316
-54.2926
-51.8316
-63.156
-58.8778
-62.3907
-63.5822
-52.2286
-59.0413
-75.5999
-59.4421
-62.1568
-57.1705
-64.7466
-66.9177
-53.3281
-63.6039
-57.2785
-60.7318
-53.4729
-48.6976
-60.06
-61.2007
-53.3896
-62.7671
-60.588
-64.3421
-53.5849
-55.318
-57.8645
-66.565
-58.1293
-56.7216
-53.8236
-64.1674
-59.3506
-53.7093
-55.8831
-63.2202
-64.0286
-62.9671
-55.1789
-61.6824
-59.5735
-67.4381
-51.1991
-62.9773
-64.9214
-63.1504
-47.8652
-53.9805
-57.4434
-58.1999
-65.0585
-55.1174
-56.3576
-53.0813
-52.421
-67.7374
-56.8931
-66.4595
-60.6888
-56.6911
-67.9317
-65.3597
-56.1291
-56.5535
-60.6063
-51.7977
-53.739
-60.9775
-49.7892
-60.861
-57.8824
-62.4127
-61.2243
-57.7335
-54.6811
-55.7234
-50.5356
-64.9724
-60.0698
-62.8811
-62.4189
-56.118
-58.8099
-55.6247
-61.7402
-58.2993
-56.2841
-58.6569
-63.671
-63.4276
-58.6189
-63.5063
-51.4891
-54.2539
-56.8015
-59.9647
-62.3214
-55.9222
-51.2108
-60.0739
-60.1242
-55.2628
-57.166
-52.8029
-63.339
-61.7546
-54.5621
-61.771
-56.3776
-60.3109
-51.9456
-59.3386
-57.4754
-61.5363
-55.7605
-55.6743
-59.5196
-65.7526
-52.9449
-56.0278
-61.4357
-64.0564
-51.6141
-55.8619
-59.8299
-53.4533
-60.3621
-54.4733
-67.3422
-57.0938
-56.9593
-67.5417
-62.4776
-57.8857
-57.3176
-56.2159
-52.599
-62.1563
-60.4038
-59.8985
-51.2629
-55.2407
-63.6452
-60.4637
-61.0281
-61.3496
-58.0888
-56.4049
-65.3262
-60.0022
-65.57
-58.5741
-55.2258
-57.2604
-54.0138
-51.8735
-52.8347
-63.3135
-57.9452
-58.083
-63.7745
-60.0417
-54.8556
-56.2864
-59.8464
-50.2446
-60.9128
-69.5894
-62.2042
-51.7224
-71.6513
-62.3626
-51.0081
-61.5992
-65.87
-54.8806
-52.3257
-67.863
-59.0761
-60.1134
-63.2644
-63.8255
-61.2488
-65.1119
-57.7589
-47.498
-57.2573
-60.6294
-57.0367
-46.7647
-54.7246
-54.6039
-56.5672
-53.2393
-62.4264
-53.1463
-68.3864
-51.8352
-51.8006
-59.1733
-60.1274
-59.9752
-64.2629
-62.3291
-52.428
-59.4151
-62.386
-55.5601
-67.207
-61.9118
-58.4478
-58.1172
-63.1272
-53.2786
-57.9126
-60.9483
-62.2454
-61.636
-58.0198
-58.8223
-58.3918
-64.852
-60.0981
-55.1979
-53.4542
-62.8911
-56.3536
-56.2895
-63.2575
-71.6802
-51.8025
-59.2261
-62.7121
-54.936
-57.1922
-57.9992
-63.0464
-58.1253
-54.1463
-55.3264
-58.7813
-51.3888
-57.2739
-60.5619
-63.8318
-60.0373
-56.5617
-56.4052
-54.9738
-62.7586
-58.4193
-61.8576
-54.0186
-55.4121
-52.9087
-59.3863
-64.1194
-60.1027
-63.9561
-64.1136
-64.8876
-53.635
-65.0306
95.9301
117.621
107.086
107.595
133.981
120.606
130.547
120.166
136.898
109.029
127.391
135.276
115.999
123.444
126.28
109.241
117.182
113.746
123.797
101.438
138.465
122.008
127.12
123.151
118.428
121.21
129.594
133.051
111.208
107.498
115.816
129.09
119.896
130.635
106.723
107.933
110.769
91.7015
132.042
125.555
140.474
122.17
111.391
137.955
132.01
135.473
105.651
104.037
117.49
123.376
124.411
135.791
98.8396
97.4832
142.553
125.593
96.3413
124.699
123.799
112.535
125.592
103.523
115.906
109.525
98.2362
117.949
129.015
114.464
122.918
117.862
103.7
121.593
107.023
118.424
112.697
103.477
111.698
109.563
109.428
128.943
130.274
157.017
104.299
94.587
120.238
129.388
135.359
112.932
111.43
130.363
121.702
110.905
111.734
112.535
122.704
114.95
115.661
113.95
133.249
119.116
120.716
118.883
125.704
131.025
100.65
140.449
108.788
83.7722
110.538
130.488
83.7083
105.828
146.207
112.108
143.942
127.912
100.994
130.495
109.106
107.63
115.854
141.303
116.6
121.533
114.679
144.876
135.405
118.753
136.948
111.345
146.858
108.936
106.671
130.916
125.403
110.682
133.392
112.838
125.249
113.308
111.693
138.838
95.4568
102.393
125.598
111.87
117.322
124.631
110.32
139.917
119.976
118.757
103.447
128.553
106.977
124.276
108.88
120.642
127.212
107.213
125.602
112.411
108.832
106.653
123.766
133.025
141.732
114.056
106.547
115.825
97.7019
113.26
128.164
147.18
90.5733
113.313
112.377
128.099
128.084
123.73
120.168
100.551
106.103
128.921
127.386
111.14
88.693
115.905
111.665
106.483
134.374
122.869
123.677
99.9827
112.079
107.049
113.658
117.081
107.313
124.792
142.708
126.839
101.925
116.421
144.615
140.405
119.553
142.142
152.26
108.41
106.637
135.614
102.917
114.253
131.338
111.98
109.331
117.22
102.638
126.255
104.847
137.717
120.92
115.437
141.317
122.415
142.559
124.226
131.42
132.41
102.627
112.532
133.036
104.141
100.562
117.886
120.628
97.3091
135.45
102.728
134.681
123.328
111.611
114.612
127.106
126.662
118.71
117.36
103.439
102.717
126.333
128.908
113.222
107.942
130.845
122.241
134.597
111.881
111.21
120.872
95.3745
130.986
109.537
111.931
113.444
120.93
110.727
109.199
111.024
103.808
125.816
121.222
126.697
134.077
110.78
108.385
118.225
112.477
115.041
122.489
126.924
111.102
100.661
120.88
114.225
125.933
136.493
104.572
92.8836
130.554
105.048
102.7
125.366
121.026
109.748
131.734
112.795
116.165
119.409
99.6079
-47.2194
-53.5568
-59.6909
-59.561
-58.2823
-54.3288
-54.9539
-60.1074
-56.254
-51.7362
-53.8024
-51.8378
-63.603
-57.3912
-59.0552
-65.3746
-45.864
-55.6141
-61.1977
-51.7148
-56.8645
-58.3987
-62.1246
-59.0521
-54.6513
-49.833
-58.3181
-60.322
-55.8747
-61.7653
-63.3854
-51.3865
-61.7772
-57.6936
-58.562
-62.3867
-55.3955
-64.8724
-59.3317
-59.1602
-61.3867
-56.5529
-54.5777
-58.6241
-55.7567
-51.4245
-57.1848
-51.1827
-62.7978
-50.323
-56.2997
-63.7669
-62.3708
-53.3711
-61.7826
-60.9058
-66.3418
-57.1613
-55.0011
-53.1918
-60.2144
-59.7096
-59.8456
-56.4103
-59.1107
-59.7511
-59.1807
-52.9943
-54.6074
-62.1076
-60.6415
-60.1333
-61.9659
-59.9599
-55.0287
-56.7009
-58.9235
-50.6968
-59.2378
-61.4982
-51.1252
-61.3119
-55.2895
-55.855
-49.0731
-61.8473
-59.8092
-46.9311
-61.0315
-53.5078
-56.896
-61.4002
-61.1486
-59.5169
-53.0963
-53.6676
-56.6869
-59.4148
-57.6625
-59.5465
-63.8646
-59.4177
-59.3549
-55.5633
-58.1563
-51.3553
-65.0144
-62.0616
-57.4115
-53.4251
-74.8552
-51.8566
-55.2381
-58.7863
-66.3022
-55.9326
-55.6977
-58.0468
-53.1779
-49.2441
-68.1838
-56.107
-60.274
-57.2862
-56.6953
-61.6185
-52.4084
-55.2287
-62.471
-55.5171
-53.7045
-52.0486
-56.6047
-57.011
-58.3176
-60.0751
-60.0766
-61.042
-61.2898
-44.9587
-53.2664
-54.812
-65.191
-53.5345
-60.3053
-54.413
-61.3648
-60.533
-52.6012
-49.2578
-64.0396
-59.1321
-58.142
-55.5883
-59.1213
-59.6208
-55.629
-61.2798
-61.9876
-53.4359
-64.6063
-51.8192
-62.0007
-59.311
-52.3077
-57.219
-58.702
-53.9295
-54.2156
-56.8813
-55.8707
-62.1153
-56.1356
-52.9483
-67.8543
-55.3502
-65.8871
-55.4689
-63.4663
-56.0441
-56.2634
-50.493
-50.59
-57.8837
-61.6039
-51.9079
-54.283
-60.2177
-60.7732
-60.4648
-67.7996
-55.4365
-59.2461
-65.5183
-54.0081
-57.5496
-65.3183
-59.3607
-55.8527
-65.7333
-62.397
-55.9137
-64.6781
-50.7861
-49.6405
-59.133
-59.6251
-57.0305
-60.3903
-59.8242
-57.6435
-61.0539
-61.3486
-55.5621
-58.2991
-56.3395
-61.1844
-60.798
-63.0269
-54.4476
-55.5846
-53.8592
-61.587
-60.4758
-56.4727
-53.7147
-56.1569
-53.7765
-57.248
-52.2647
-58.4717
-57.5464
-56.6013
-63.2344
-62.6556
-53.2633
-64.3262
-59.5457
-61.6733
-58.3388
-63.6259
-68.484
-51.4473
-54.3978
-49.9367
-66.3843
-48.3445
-63.499
-64.7531
-58.188
-55.6063
-57.4597
-49.0836
-61.2183
-54.783
-60.4559
-59.3264
-59.0753
-57.9442
-49.4084
-61.0867
-56.0847
-58.8919
-50.6959
-56.1195
-62.6685
-55.9078
-52.2405
-57.7853
-64.1086
-60.9858
-49.8866
-57.0168
-53.9059
-43.6445
-63.3613
-62.7545
-56.0864
-60.6439
-50.1773
-52.4338
-59.7132
-62.6736
-63.2684
-63.4963
-50.8412
-51.7663
-48.361
-49.0805
-62.792
-62.3889
-53.7604
-55.4025
-52.7103
-61.5967
-51.8504
-57.1049
-55.4259
-57.2884
-59.5462
53.1009
34.3809
48.91
69.0054
53.1673
51.6569
72.5351
46.5675
31.259
65.722
34.1363
52.9206
49.329
62.0808
59.4715
57.8621
56.1793
37.7902
53.2301
61.2365
66.5447
46.2208
47.3028
72.4376
70.8927
57.525
63.362
60.3623
56.96
57.8177
57.2867
21.066
49.5655
53.4182
60.3969
52.2578
53.0108
68.8545
54.1596
72.3493
51.1674
46.4823
42.0296
48.8966
68.8091
37.8545
51.1927
39.2489
66.5393
46.6306
56.2893
47.1183
47.2311
48.0525
47.3105
60.7024
36.8185
58.0864
46.793
52.5446
55.6328
60.6273
52.9335
54.6042
67.2732
60.5757
52.2836
36.1085
53.0547
41.5383
70.3366
58.9012
60.8429
62.2567
66.1289
49.683
78.9288
60.4954
44.1727
62.7902
48.371
69.3818
41.6896
63.4422
61.2386
41.0459
53.1801
49.3613
50.7925
43.3451
32.185
51.0712
52.0701
47.6563
40.4236
73.0316
44.269
51.6728
79.9639
44.0684
51.2487
46.0504
41.5742
58.55
54.6781
46.8557
54.1121
54.2875
49.0105
56.8985
46.3747
42.8847
57.0196
54.1804
56.357
57.8125
49.0508
38.997
51.887
43.8754
60.2789
60.451
45.4325
54.4725
58.8491
37.085
60.2888
55.6735
53.9339
69.6439
54.0488
59.3623
51.5466
61.6229
70.5397
50.0009
58.618
66.0527
72.5732
58.5534
59.1746
68.2974
48.3126
58.9266
50.3128
59.5485
49.2551
32.9964
55.9781
50.352
59.9355
49.3573
46.5482
60.6907
61.3567
54.6491
64.3921
57.6739
68.0413
56.784
76.3173
57.9221
51.96
46.5572
41.3663
67.4082
77.0667
55.1104
52.3912
59.5099
53.5246
52.9088
56.6885
49.0614
38.6401
50.8929
67.3959
51.3032
37.0962
41.9526
59.1968
47.8651
35.9424
48.1662
55.5042
30.2943
63.2336
48.6067
30.118
60.4204
57.5457
36.3838
60.4325
47.3907
50.7607
65.7709
44.8349
60.5793
63.77
55.8303
47.7822
72.5656
56.1288
40.4089
39.1916
28.5991
34.623
44.8939
60.4194
51.377
57.318
70.479
50.5604
56.6226
49.6778
58.181
54.2694
61.7235
62.3575
46.6486
43.5268
46.0572
77.3906
61.5815
77.4765
37.9785
50.3767
68.6005
35.6459
59.087
53.8902
46.2345
55.2257
65.6773
59.0963
49.8408
56.9922
65.2255
53.5122
63.8345
62.7104
45.6259
48.411
42.5261
43.067
56.1964
40.0563
48.0225
56.2658
55.9264
50.5702
59.7675
54.1912
50.9726
61.1902
49.0545
52.6324
44.6733
53.3059
57.6343
43.6901
70.2987
57.7023
47.891
37.2448
55.4707
53.3438
45.6479
52.6507
47.3767
57.4774
41.4726
74.2704
56.1952
71.9912
56.7445
59.8688
50.8678
54.9914
53.4845
45.2791
63.7698
49.3573
58.1803
57.6667
43.4077
70.8112
49.496
51.2726
35.7108
70.5049
70.1549
56.5773
46.4178
59.4336
57.557
44.2321
62.9769
32.5217
51.8059
139.296
98.3371
119.547
141.677
135.552
107.612
123.902
113.921
119
138.029
147.359
102.627
129.216
118.832
129.842
108.229
128.993
132.901
126.797
120.734
122.523
131.732
102.25
98.9721
123.588
116.193
128.135
119.224
126.008
144.951
138.065
150.467
148.499
121.804
122.039
122.889
105.633
107.519
103.544
122.163
139.756
114.021
127.797
145.882
130.281
103.101
134.433
106.067
106.655
123.27
132.17
136.53
109.544
127.844
131.642
122.897
110.67
106.246
133.652
139.354
113.104
135.726
133.578
124.791
117.729
126.13
132.662
136.419
92.9146
120.911
133.707
118.487
131.901
113.937
131.205
120.447
120.791
113.465
131.431
134.641
132.965
126.546
117.301
120.391
100.745
133.122
121.257
110.75
121.449
108.522
113.198
117.241
111.563
125.294
112.555
131.915
134.642
135.733
104.31
106.525
107.087
117.3
110.944
113.505
113.825
124.809
134.459
125.573
136.675
116.927
102.408
142.946
134.356
113.42
131.758
135.588
127.483
136.04
124.067
119.336
134.681
124.44
132.77
120.128
108.635
142.482
107.509
127.006
115.463
141.096
130.026
110.001
124.763
132.303
129.214
128.697
117.391
122.101
147.893
92.8224
100.651
134.487
102.676
112.868
147.291
115.386
129.619
138.964
98.2601
143.212
123.085
132.204
116.138
132.8
123.283
100.787
124.751
127.763
125.653
147.49
134.349
116.379
107.549
117.79
163.215
111.752
111.42
130.253
145.074
126.34
123.182
122.684
115.544
117.807
117.972
147.364
135.072
121.365
124.648
125.951
118.329
105.349
130.494
120.083
118.71
129.45
133.631
124.196
101.446
106.276
120.646
90.5425
107.897
129.554
132.694
133.674
102.367
106.551
133.502
127.135
126.554
121.25
111.679
128.547
98.5079
134.561
114.836
114.256
132.701
139.176
114.217
133.581
145.25
124.114
136.387
122.513
143.91
122.351
136.047
136.14
123.303
150.48
86.0295
131.692
116.614
120.907
140.343
129.989
133.103
109.874
113.098
120.554
127.584
118.059
114.968
121.4
118.671
121.747
110.207
134.699
149.129
101.154
102.718
140.365
106.618
117.922
117.122
128.582
119.776
147.502
121.822
134.696
156.822
142.414
148.644
128.271
101.604
155.237
137.066
110.778
135.976
110.967
132.604
137.879
118.035
126.682
105.259
92.0139
109.184
103.427
127.604
139.79
136.039
94.0332
122.389
117.285
119.466
134.996
142.479
117.834
94.8745
108.929
109.096
110.903
121.103
117.519
141.939
129.637
126.367
139.886
133.05
128.033
106.207
123.422
130.908
133.872
135.401
132.796
109.679
126.776
38.0232
58.487
48.2075
56.8757
42.1844
60.8162
69.1781
50.322
60.4271
43.7044
50.7156
52.5071
60.5884
61.9965
54.3712
38.7785
43.3877
54.9121
49.4528
60.9444
59.4292
41.8628
61.7438
47.5506
47.8644
67.3516
45.2776
56.4135
66.7803
52.5082
52.9975
58.5369
71.2274
59.59
51.6584
43.4824
59.1196
51.4693
57.769
44.7661
43.7879
64.8653
61.5262
72.0061
52.3964
64.9044
51.4614
63.1986
53.5626
47.1382
46.4098
61.137
46.4462
41.7449
74.0021
81.7345
46.6691
58.7639
65.1688
57.7571
57.0166
59.8524
55.3469
71.2182
64.0583
53.1427
54.502
72.3357
58.9415
51.6066
56.4823
56.2294
70.6632
61.0619
71.6228
59.651
49.826
53.1869
49.4449
49.7024
37.9281
47.7797
60.3329
53.2767
66.2767
56.5008
43.5937
54.4078
70.8535
52.6867
74.2683
66.0668
48.7264
40.2693
56.7394
57.9035
57.3383
75.7721
46.2435
68.0435
64.4924
54.8441
41.2473
56.29
68.0735
61.1694
59.9053
44.247
45.8931
62.084
62.4841
37.2576
55.7818
47.6097
60.3997
57.1103
59.2357
52.6488
44.1545
46.5151
56.6737
50.9771
39.4316
70.7086
55.0112
50.4071
47.8584
54.2659
59.1972
32.5289
55.3482
57.2885
55.7189
52.7037
68.4497
66.9801
47.5601
47.0189
57.2573
48.2586
45.7366
45.3924
40.0651
59.8195
60.2077
26.9319
64.2498
59.5401
55.9713
63.9641
37.2846
43.8861
40.8119
53.0532
53.2259
59.2484
57.2291
46.5542
48.5268
51.089
62.0207
54.2285
62.1838
39.1382
43.9517
72.5321
56.8252
50.8813
47.5684
66.8764
60.2075
43.0151
63.4968
62.8804
66.8166
67.9686
46.8844
33.3738
39.0356
35.9406
45.993
64.6293
52.5957
61.5058
51.9976
57.0243
62.4861
48.2489
32.8926
40.3485
51.4919
19.7876
50.1
57.9973
41.4361
48.6462
60.9173
42.7883
54.6058
68.1854
58.4794
45.7734
64.6762
57.9397
45.2787
59.3925
53.0544
37.6332
59.4202
53.8887
44.9931
53.5479
55.8375
51.4072
57.6929
59.31
44.6554
48.6638
59.2994
48.1587
48.8446
58.9302
59.7938
58.5557
38.3442
62.0287
54.9317
51.0987
45.492
77.6546
59.1551
66.2767
48.7521
54.537
67.5821
58.8401
48.4752
50.2135
49.5092
26.9861
56.4375
64.7459
44.3689
46.0919
57.2035
65.9474
53.0841
65.4037
51.1604
59.9977
57.3796
54.06
51.3995
49.0709
46.2914
45.981
68.0651
46.8366
62.2261
40.0612
43.5614
51.4846
46.7711
56.9075
63.0632
51.2715
52.1787
59.6521
60.2707
52.0617
51.3276
44.2627
59.0944
46.3846
48.1758
55.0741
57.2603
58.5165
66.4007
63.7795
54.7647
56.8668
55.5021
48.9345
49.7338
63.9179
44.4027
57.1177
56.1695
45.7521
64.3984
61.7799
61.89
51.4227
55.8797
61.9369
60.6863
52.3024
41.9275
52.1392
1.8657
-0.77491
1.50178
4.14437
0.454579
-8.55104
1.46869
3.28613
-8.69728
-2.10895
3.47755
-21.2317
-6.42376
3.75958
2.57846
-8.26722
4.9804
-15.3541
-0.0204064
-8.82619
-15.7776
-15.2418
-8.91116
-1.67373
0.789923
-2.93254
8.15807
-11.6969
-1.87258
-17.4664
-10.129
9.4527
4.84026
-14.8481
-9.94221
-6.76947
2.17803
-12.5204
-5.74923
-4.39417
0.257042
-2.00134
13.6689
-13.89
-8.53319
3.90695
-1.47961
8.52351
16.4564
-2.84262
-5.3331
-1.34328
-1.20134
-14.4069
-6.50326
-1.33651
-7.87642
-7.21645
5.25289
-3.18791
2.83077
0.506449
-24.2193
-12.9414
-7.88542
2.90795
1.54132
-4.84938
-1.17778
-0.610393
-14
-10.1323
-1.92357
-0.524164
-5.3419
-5.63677
15.867
-6.51815
-15.6434
2.90624
-5.69625
-1.50775
-4.24837
5.15603
1.53577
2.67473
-4.38817
-0.568655
11.3437
9.93493
-8.99277
2.7528
-1.88921
-4.50525
-2.43919
5.72851
-4.3651
-1.68864
3.09528
4.27945
-9.54244
5.1305
-24.0569
-8.38589
-1.48231
-5.11934
0.812585
-3.26026
10.4918
-0.224093
-9.15771
-0.242602
-13.4836
5.38047
8.53418
12.568
-18.0663
-7.34115
-1.05655
-1.18309
-3.68337
13.3806
6.07517
5.81009
-8.53363
-6.57952
-8.3383
-2.68735
-0.0030559
-7.83903
-10.9658
5.41965
1.81891
-3.80073
0.610104
14.2673
-3.87264
-5.34846
7.13889
5.52448
-0.633489
-0.972947
-5.15231
-12.0425
-10.9053
5.68771
0.176354
3.28793
-11.5415
-9.77964
2.86036
7.86224
3.13839
-6.25977
-0.00625556
6.5273
14.8786
-10.1072
-0.214477
-7.94502
0.485649
4.63539
-12.7646
2.2071
-10.6874
-5.99076
6.63271
-16.6272
-7.9452
-8.08721
-2.0525
1.56696
-2.95149
-11.3805
1.18268
3.83673
-21.1182
-0.248418
5.34224
1.36035
-7.39113
-3.73386
-14.779
-3.35129
-15.0194
4.82515
-2.35877
-15.2442
-13.7695
-17.3343
1.46447
2.23629
-9.43438
-19.3173
-3.68608
1.93031
3.03537
19.3519
-5.36343
-2.89541
0.0656094
6.94266
-2.24814
-11.8971
0.992328
-9.72267
6.79402
-7.58048
-2.4091
-7.27564
-12.3854
0.129431
-4.62723
-1.87725
-8.19768
-12.001
-2.09238
-6.35677
-12.234
-8.32606
-17.2444
-9.22323
-3.93128
-3.78238
-12.22
-1.71173
-3.24917
-7.72202
-8.85536
-19.3105
-4.63712
-2.43705
-6.28971
11.0149
-0.33978
0.870736
4.26173
-4.131
8.63196
-24.9419
-10.2779
-1.6224
-3.82074
9.70937
-13.9101
5.31443
-1.92325
-17.86
-11.9233
-13.3749
1.0492
-8.6612
1.98098
-5.98284
-1.83186
-10.2723
9.517
-7.92995
-5.98049
3.65439
6.51612
-11.7706
-7.7948
-21.7256
-15.0692
-1.64356
-13.5167
5.91473
-8.6934
-0.856517
2.3212
-6.68705
-11.726
-8.04645
0.0637218
-0.725777
11.1032
-2.83393
3.16922
-2.54238
-3.41437
2.14863
-0.865103
15.1787
1.79641
-7.02958
-5.6338
3.88417
-13.4158
5.27138
4.94613
-8.90636
-2.97674
6.02838
9.19313
2.93486
10.0122
-1.75073
1.70679
-2.81036
103.885
91.0804
99.3053
84.8989
97.5529
90.5428
89.4105
120.082
93.0406
108.521
108.231
96.3728
102.486
88.713
105.809
103.06
71.0861
93.9328
84.8298
96.143
112.664
102.08
92.5985
89.3861
87.0551
90.9197
101.302
61.8454
99.3694
82.7382
96.7984
100.405
77.8322
92.8324
80.2582
99.4615
109.752
92.8946
73.61
101.18
106.621
96.3157
92.0328
83.6829
101.02
99.0324
101.753
81.4945
123.732
95.5896
84.9151
99.0424
105.184
97.7881
105.732
93.4585
88.4879
95.7478
86.105
90.3083
105.011
108.935
95.2662
92.4528
107.236
92.2429
97.0508
114
79.4657
92.01
69.5404
65.5689
89.2373
82.8148
114.888
72.9702
105.899
91.1609
95.9988
103.07
74.4292
100.7
105.63
79.3544
82.1666
102.509
123.567
94.8339
80.2838
115.187
93.3539
102.937
86.074
105.118
90.8754
106.449
93.9973
103.533
95.4297
109.868
74.8985
86.5741
80.7545
105.079
90.3645
85.9016
94.3144
112.593
93.4481
113.543
93.2493
112.027
96.9981
101.989
94.4405
102.891
94.4708
110.218
95.0976
113.199
109.304
102.542
78.8564
80.3608
106.876
98.7393
99.0144
79.4121
100.468
90.8977
95.5079
93.818
92.5744
97.4966
84.9826
117.754
88.2746
86.2447
93.7409
95.226
108.548
86.807
88.3595
88.2601
108.051
131.797
103.337
109.967
89.5194
105.553
113.335
110.858
104.847
84.0995
99.3364
113.735
79.573
103.575
101.304
108.633
101.825
90.867
81.0774
104.883
115.756
85.6752
110.116
95.1163
96.6937
88.826
93.0884
85.2978
110.102
75.4825
102.858
104.165
96.7468
113.731
71.1825
92.9014
106.272
101.242
106.193
97.0725
75.0111
99.0434
95.0473
112.726
70.8799
101.578
102.433
91.2204
105.31
88.5911
96.4052
85.9222
98.7041
107.316
86.4948
114.363
96.2327
70.9698
111.753
93.2434
111.827
98.3326
97.3559
93.9126
80.956
68.6413
86.4902
85.4523
65.8004
115.262
100.634
108.69
94.0639
101.603
82.9971
94.9131
102.31
100.811
78.9209
88.0896
106.161
97.4601
67.5494
95.3466
81.3035
92.4965
84.629
109.447
93.481
115.266
101.778
119.397
101.989
91.7584
81.3952
99.1043
81.147
94.4763
101.837
116.768
82.18
116.031
107.405
113.375
109.427
100.961
80.6076
103.822
92.6002
62.3167
77.2892
119.465
91.486
76.8561
109.094
99.7596
97.1871
70.1541
88.4488
105.658
77.0918
94.4672
96.5177
102.388
101.84
110.982
97.9947
98.2397
95.8981
94.682
90.0924
91.3662
102.093
84.4369
92.0559
107.921
106.089
87.3772
102.001
86.6052
85.8362
102.454
74.5469
96.7448
90.9843
86.1775
94.9597
109.974
104.489
111.936
87.7975
106.425
98.7286
111.296
90.6949
106.769
58.4077
34.461
52.0425
64.382
64.571
75.989
75.1222
84.1125
72.4203
62.5132
66.6541
81.0826
66.6836
73.1032
71.5185
67.6417
77.9764
58.9399
62.9174
67.1005
58.0078
61.7095
70.9878
63.7151
66.3894
60.1795
80.5398
50.54
73.4711
79.8624
75.0862
71.8879
56.3437
50.5461
66.5084
57.4638
51.2813
73.5104
83.8564
80.2754
65.2968
55.6771
77.6145
71.3886
62.3982
68.9028
52.2954
69.8087
72.1971
66.5588
72.7856
91.3951
77.5957
59.0301
83.3096
75.2992
58.7451
62.9415
62.404
61.1622
61.331
80.9261
76.6166
59.302
78.3802
71.9645
92.6725
83.9233
74.8857
69.8994
81.1259
67.2065
86.5885
69.5823
65.9126
54.0218
58.8163
68.5865
75.3311
66.525
67.7341
90.8358
74.4057
79.2324
59.3594
82.2682
77.886
83.2864
53.7246
56.4759
66.0961
60.4668
73.2711
80.6499
70.3463
75.9381
64.2792
64.3048
62.0772
68.9801
84.7672
81.5819
51.5853
67.3765
63.5473
72.3174
61.9765
58.7013
78.7625
50.8003
83.5223
69.6523
61.8093
59.6727
74.8152
77.954
75.5629
55.2396
74.9219
68.7078
66.313
64.6103
83.4804
72.2552
50.1501
71.0616
64.8687
75.5068
54.9738
72.0774
56.8503
46.9294
57.8404
72.696
84.7183
73.4412
60.5685
77.5598
39.5806
66.6577
79.7026
42.5007
56.8093
74.1594
93.3096
86.4496
98.0842
81.7087
61.8313
45.9014
69.926
80.2365
67.8401
73.9205
62.0558
74.4821
86.892
56.0934
78.5853
69.5857
84.8758
58.204
74.8932
71.6352
80.5144
76.2451
65.6374
65.6517
58.4047
72.7999
75.6467
68.9301
72.0411
60.2865
62.6236
75.9582
72.0924
94.8277
64.5451
75.2031
62.3867
79.1097
80.3278
79.2387
61.3314
73.8292
71.13
70.3164
78.4305
74.7388
64.8593
63.2737
72.8903
86.8264
61.0063
71.3869
75.7097
69.499
80.9327
63.6009
69.5319
70.0589
53.1976
65.6
80.6513
53.9554
70.6538
65.3056
83.4053
61.5692
70.2485
55.7856
77.2905
72.5748
80.2555
85.0352
67.3171
75.3442
56.4108
67.7347
66.9752
62.6042
70.535
73.3187
58.9418
54.5713
92.5733
69.2366
64.0978
66.2376
55.7809
82.1048
69.0109
68.431
66.3851
69.8604
76.9309
81.2887
69.5352
83.0112
77.2901
81.4168
58.0635
60.6162
58.3881
72.7534
58.3607
64.1347
56.2335
84.6113
58.973
77.2049
70.3866
72.1962
69.7724
83.858
65.6306
78.3976
52.8814
60.4483
63.7315
81.8126
58.1923
53.2058
56.7172
72.4424
59.3928
90.9626
51.465
43.1244
56.6268
70.6242
79.2225
84.7205
82.5606
73.8848
61.5216
68.7992
81.0936
59.3063
59.4704
101.872
73.1408
66.5431
70.6517
79.8416
86.3175
65.6029
74.7773
83.1922
67.483
65.5372
90.6963
59.3209
71.8015
76.6208
65.5845
72.2916
74.4228
66.1653
262.369
293.627
281.079
272.515
275.749
290.579
224.875
262.801
255.105
273.835
271.506
270.308
242.662
270.842
279.027
278.1
252.168
254.195
275.536
255.778
215.184
267.768
243.294
252.36
264.556
276.325
276.062
269.957
286.995
228.68
271.4
211.419
250.057
266.829
266.004
224.532
260.479
247.796
254.465
254.148
251.186
262.624
260.04
252.238
281.227
265.017
264.911
269.443
262.9
271.696
294.727
239.424
246.066
251.322
263.964
273.526
275.732
246.672
309.891
250.354
289.981
230.907
283.135
240.17
263.281
256.266
238.594
271.66
219.995
293.567
264.271
230.76
246.506
254.103
254.88
238.089
261.951
285.032
234.518
308.51
251.718
289.75
247.744
248.107
237.376
262.319
286.249
216.249
292.772
292.315
271.37
292.963
217.881
273.78
276.459
218.284
193.406
256.042
260.864
263.625
244.308
275.124
262.208
255.072
278.805
270.094
272.252
232.1
264.672
310.39
280.178
258.085
275.534
278.514
248.492
244.123
251.924
272.394
242.079
272.964
242.89
267.687
279.837
223.461
237.909
295.551
239.698
259.132
264.9
250.065
261.77
255.853
268.336
252.879
292.741
251.103
270.333
261.554
277.07
253.913
265.778
277.833
230.9
260.566
250.104
269.574
273.345
302.169
287.381
280.249
290.45
272.285
243.452
269.308
280.879
255.138
238.882
238.705
299.303
283.109
268.779
277.253
263.979
246.012
246.045
266.097
241.656
268.261
269.143
301.844
253.233
238.701
219.496
227.617
303.786
273.235
262.985
267.275
283.394
254.237
262.317
294.23
292.691
274.696
256.644
251.358
253.902
252.241
255.534
226.37
279.364
262.62
273.957
232.598
266.716
257.5
274.855
259.602
243.3
296.26
274.531
265.285
270.369
213.891
240.974
228.755
272.749
250.63
274.825
238.496
265.621
254.569
271.783
238.091
225.22
265.699
259.036
266.694
231.165
222.66
266.883
235.64
259.944
293.884
279.602
277.199
273.12
255.783
270.598
211.272
258.039
242.509
248.781
304.946
217.859
290.009
267.867
250.105
272.344
298.076
272.697
253.739
298.806
279.841
268.266
280.917
293.056
279.196
236.3
304.388
242.402
286.876
229.132
249.615
268.961
218.07
279.755
274.461
227.25
288.98
272.367
248.873
217.936
268.71
236.763
263.244
258.912
260.802
232.041
274.188
248.103
239.225
263.115
268.142
274.397
282.456
294.723
286.083
229.92
254.295
202.726
252.111
268.675
257.903
258.534
250.284
317.165
269.475
256.194
266.414
255.932
274.075
249.304
241.795
233.708
236.299
249.006
266.535
234.407
234.048
88.7272
74.9057
79.5251
82.639
78.2505
87.4407
68.1545
102.343
101.761
80.4326
88.3716
91.5548
78.3245
76.206
77.9541
70.6812
97.3042
92.0868
95.9428
88.6143
62.1974
76.7425
79.6814
106.712
90.4593
79.6509
76.075
99.1818
92.5924
74.5742
80.1856
94.9138
89.9658
81.1367
97.9219
98.6971
93.6993
103.864
78.6303
96.4997
72.3808
81.8246
86.1742
83.7359
104.178
89.8922
91.1202
81.0391
86.7347
85.8513
76.9415
87.4056
77.1249
86.9605
74.1279
119.067
96.4271
88.5118
72.0442
76.1797
95.6101
91.1507
89.5137
88.9768
86.9463
93.1993
90.2027
99.2673
96.9418
78.6555
62.4477
81.001
59.4884
66.0564
97.9503
100.127
70.8548
95.1647
88.2082
81.0581
91.1597
94.2752
98.6542
75.8244
87.7904
101.635
102.182
106.579
76.3604
87.4034
103.44
96.8521
81.4181
75.1117
104.468
85.7845
88.7232
109.275
86.8355
91.7954
79.2152
89.1801
89.1679
100.991
96.8452
104.716
75.6243
76.4535
99.0989
85.4716
91.1102
99.0648
93.0004
61.2592
80.7092
71.8273
86.663
92.6708
108.589
76.8208
104.063
80.0164
93.6983
78.0921
89.1493
108.684
91.3832
79.02
86.6656
87.6611
106.936
97.8983
84.4587
99.5436
122.546
108.142
86.8931
86.3365
81.6638
88.9279
80.6952
79.7552
99.6477
91.7919
88.2843
94.3545
101.145
84.2049
83.0474
96.4071
93.9517
100.901
78.7591
83.192
89.1569
87.6092
94.6911
106.338
85.2758
100.671
76.7495
94.9034
88.5771
60.3301
83.4792
89.6198
85.2848
90.0008
111.469
98.9795
77.7352
92.9625
68.2573
94.0744
86.1802
99.5104
93.825
104.294
88.3873
71.7296
81.6544
83.6853
70.425
79.2057
86.322
84.0427
108.31
67.6417
92.9592
83.3737
87.0663
82.8115
79.3347
82.2964
73.21
76.9985
56.6248
91.2715
101.73
90.1672
100.106
98.1181
108.525
82.1142
78.2773
81.5826
87.6742
96.3056
83.8451
99.9506
88.3744
83.9602
100.662
95.7477
74.5854
101.338
88.6554
66.4223
84.4661
81.0311
87.9748
108.97
45.8863
73.5834
99.6092
96.6734
76.4128
101.516
77.3566
104.944
72.0248
85.3045
74.9258
81.4883
96.2469
91.2124
69.96
98.212
74.9938
92.7996
70.5165
90.137
92.02
102.237
101.227
90.4044
103.718
81.0026
81.0564
99.0469
92.5212
90.6213
87.7392
90.6386
86.6205
93.3982
75.2544
109.057
84.1241
80.4471
78.307
99.6276
80.8721
113.6
102.014
86.2401
110.539
91.813
110.944
105.319
113.441
112.637
102.456
97.9309
85.9644
96.7298
68.2377
77.7503
96.5993
97.1945
101.958
90.7459
80.0394
87.7394
88.6423
103.833
93.4948
107.056
85.6179
88.0119
83.2423
89.6152
106.011
90.716
87.0389
93.5843
106.017
104.435
86.6676
88.9988
132.14
174.921
153.387
135.204
140.007
174.465
155.591
146.798
176.686
132.542
139.956
186.366
134.952
153.494
136.68
123.293
166.053
150.747
145.533
152.771
148.996
117.61
142.052
137.782
156.763
159.346
160.052
145.148
151.927
159.213
154.649
140.274
171.522
142.766
173.589
136.657
146.366
144.179
140.215
166.819
146.706
163.002
167.484
118.299
166.106
172.624
188.209
143.048
115.401
163.558
151.987
155.104
148.389
176.415
132.078
156.008
186.815
161.976
137.489
150.119
134.976
142.404
152.252
166.344
147.117
145.499
161.274
158.087
155.09
188.452
139.519
145.079
143.018
164.689
180.714
127.11
155.926
151.598
157.821
185.303
123.679
164.442
158.187
163.662
155.132
144.183
191.77
167.245
164.318
133.63
131.338
140.472
140.225
150.846
139.242
161.868
139.225
180.339
140.043
121.259
162.211
144.341
139.818
180.371
183.184
156.328
166.258
156.54
145.59
158.062
146.686
134.894
153.694
119.913
154.53
157.773
129.081
158.156
168.927
160.884
131.985
191.61
166.749
140.928
181.706
156.114
164.57
145.315
155.956
134.241
140.342
145.353
141.593
147.369
188.14
181.673
168.762
132.378
142.507
182.95
118.618
169.932
165.055
165.793
135.707
164.022
111.216
151.718
161.349
136.945
155.214
180.836
154.421
177.464
153.096
125.579
144.933
123.013
160.172
139.635
159.645
121.105
156.848
144.039
142.887
131.912
103.622
141.675
150.445
144.889
172.435
137.147
148.281
139.577
154.449
136.014
147.624
153.769
119.166
143.743
134.831
147.834
143.204
165.527
167.832
164.148
158.153
155.828
138.503
158.458
167.236
163.822
138.146
152.581
160.951
167.655
142.753
153.547
157.373
153.46
164.648
163.172
152.691
158.438
138.293
167.751
159.544
159.057
146.594
124.46
148.158
142.618
158.735
171.628
155.54
162.756
174.544
144.883
152.876
157.721
140.24
152.945
149.856
159.838
174.26
139.332
151.465
170.219
153.941
156.584
142.937
127.853
141.978
157.551
158.376
182.301
142.281
158.877
127.695
142.97
146.598
132.482
138.461
152.42
153.032
158.203
149.375
163.306
159.017
140.283
170.608
150.949
121.463
151.162
128.787
145.849
148.478
144.6
139.196
168.867
140.226
138.309
147.779
146.166
155.56
145.047
147.127
176.74
169.4
152.784
129.973
155.908
155.315
140.972
126.699
141.605
135.551
139.163
115.272
137.259
175.85
153.692
163.406
175.521
129.205
139.898
151.431
151.637
160.252
154.759
155.016
132.217
156.72
169.404
156.205
181.449
146.849
148.256
150.647
129.518
138.216
151.39
119.248
133.597
151.497
112.243
118.139
124.073
128.772
111.545
105.817
142.362
113.951
131.435
135.795
110.363
131.584
130.469
123.119
120.002
102.56
139.741
120.602
90.1732
112.025
119.74
112.67
125.28
133.187
109.889
121.334
119.633
122.118
124.554
107.949
113.39
140.808
149.905
150.323
125.323
161.617
132.86
116.168
136.393
115.727
143.484
120.23
142.468
135.326
117.905
124.629
124.04
121.985
121.243
113.489
130.956
135.729
118.094
113.65
141.127
113.943
132.981
137.049
110.9
113.105
144.087
109.599
130.308
118.485
107.063
124.709
130.216
139
111.596
148.414
124.827
118.403
133.182
149.341
96.2081
137.987
147.843
120.877
131.793
124.54
142.338
124.515
128.874
141.307
115.225
120.173
112.196
146.225
129.315
143.312
125.547
122.618
110.259
129.163
129.063
121.788
131.618
103.823
93.4555
132.368
116.761
172.985
130.331
129.304
109.546
129.921
144.934
108.848
120.79
116.236
84.3788
102.518
129.441
135.037
139.809
134.853
157.387
148.984
131.713
133.038
115.982
141.334
138.492
116.225
132.108
128.544
131.188
126.581
145.75
161.41
132.495
133.736
135.842
117.12
131.75
132.006
112.109
139.924
107.096
124.727
123.406
145.117
140.329
135.139
135.732
110.77
121.991
142.075
135.944
147.911
126.589
119.974
103.065
140.796
126.772
137.403
141.936
141.377
144.153
139.02
101.877
142.736
113.13
108.362
125.324
133.005
130.281
151.555
124.828
116.277
153.253
115.965
121.062
139.455
100.736
146.35
143.305
113.084
137.117
123.083
111.806
136.938
122.392
111.901
137.336
113.89
128.245
129.325
122.815
122.771
140.308
125.266
125.589
135.225
110.804
118.627
127.363
129.751
124.565
123.79
136.24
116.352
133.363
120.351
147.375
106.776
133.515
110.489
126.44
143.173
120.394
124.205
125.174
143.164
148.937
135.794
105.95
107.966
121.934
133.341
127.86
142.131
104.737
107.253
138.244
109.39
144.309
121.711
139.226
134.775
114.589
133.075
139.174
123.735
148.75
143.977
127.774
132.943
128.397
139.262
141.291
119.512
106.847
144.195
134.513
108.24
132.286
120.4
120.745
141.677
121.872
149.664
149.819
150.834
131.91
121.677
123.056
115.941
151.969
135.374
144.396
111.229
125.522
125.218
116.022
111.061
126.734
102.364
137.483
120.079
114.85
122.034
142.064
161.695
125.445
137.786
125.63
133.717
106.689
131.552
128.925
139.785
112.458
118.609
127.084
117.862
108.813
115.588
114.614
134.321
126.546
126.323
113.601
128.277
95.6803
27.5437
34.3624
52.6835
31.4298
33.1086
45.6427
31.194
39.692
22.8666
48.974
40.0635
40.9966
53.5156
39.8228
47.614
28.74
33.6363
34.0288
25.5335
40.9776
36.8351
41.1524
30.2609
22.7715
51.1542
28.0336
29.5858
44.1776
67.3376
36.9144
40.7783
26.6655
28.4987
36.9988
32.9102
27.5025
42.9185
37.346
35.2192
34.1547
39.8134
47.5815
43.966
36.578
36.4487
14.405
38.0817
32.9636
52.0993
42.2508
38.9357
22.6055
30.1885
48.9458
37.3763
36.5326
26.8283
35.4826
24.1188
20.8952
20.1031
47.8821
38.7485
27.5712
21.091
29.4129
34.2921
38.2105
42.7086
55.4726
39.2534
31.9079
36.0312
53.6135
41.6306
31.9786
49.7909
29.6079
38.797
29.0564
54.8044
49.7089
39.1775
46.1186
38.4475
36.3057
26.9868
47.9397
22.0299
47.2047
37.361
33.0623
46.5449
39.6836
30.8302
34.1918
30.7242
46.707
24.3346
26.6533
29.2671
49.5177
25.3176
24.6281
41.5185
40.7284
21.1046
34.7477
36.8178
28.221
26.3135
47.2615
58.7597
41.2096
50.425
50.4124
41.1116
36.639
29.2236
11.4538
20.4922
37.3507
47.8553
31.7979
54.6193
33.8746
43.9262
26.5849
36.3304
47.9468
32.9665
28.113
35.2611
39.7609
33.4447
27.0461
35.3408
26.8572
44.5795
22.3727
36.5582
38.6535
29.4259
37.389
42.0979
29.1162
35.475
38.2414
39.6923
32.5833
32.6646
43.2759
35.6747
39.2502
26.2158
26.3833
31.7047
23.8372
32.4258
33.8214
46.5905
24.9046
42.5202
34.6644
29.6954
46.6682
45.1672
40.5357
31.392
28.8589
36.3519
36.4833
62.0024
21.1106
30.3401
46.3502
39.6853
40.7833
33.5137
38.5208
43.8554
45.3472
40.0677
52.6811
51.9584
53.7037
36.7104
31.8311
29.9456
36.6743
26.7529
27.0862
29.581
29.7216
46.1498
42.3262
22.7821
32.9057
27.9779
33.5388
40.5109
45.3979
36.6523
34.0167
49.9359
41.5561
46.0759
35.999
35.2778
43.2276
50.0988
42.1702
34.3844
39.4283
27.2523
42.6438
34.0837
29.4745
52.0231
33.6213
43.0887
34.9865
51.2108
38.2253
35.1849
24.0564
53.5195
45.4488
56.4833
36.176
46.8462
26.2781
41.0997
32.9106
46.8987
24.3465
7.70195
36.3282
28.3984
41.9697
36.236
45.0836
31.4337
25.4934
8.46336
31.1807
25.3383
42.003
28.2449
33.6518
19.9413
38.4481
21.6185
28.3089
29.8426
38.7045
49.1685
23.0329
46.0072
33.7049
50.394
39.6543
38.2874
45.134
55.5277
43.4389
47.4392
33.0916
31.2911
46.8603
21.079
29.4472
47.2989
39.5111
30.5811
37.6832
42.8716
34.0411
69.846
37.0328
53.7296
32.5624
43.5956
35.1523
46.2717
26.1371
40.4483
23.3284
33.8334
33.9824
31.5919
27.5159
36.5267
30.1223
39.6936
38.2358
45.4371
44.1299
41.5283
36.5242
10.7099
6.22961
21.304
2.99986
4.89262
28.0656
20.5792
24.1923
23.7411
24.7918
18.1727
15.3471
15.4944
29.7461
14.074
8.15514
22.04
26.732
22.4533
11.8124
7.12928
31.175
24.0159
15.8247
26.8723
17.604
13.4284
8.98804
20.4946
19.6944
4.55513
21.045
27.6087
35.6834
28.8828
11.9028
4.93962
16.8527
31.6699
7.57413
14.4291
12.8079
15.6239
12.0718
7.28404
18.8986
23.6919
14.166
22.7791
11.6362
19.5672
10.4839
8.08447
10.8226
13.8675
20.4389
27.3562
27.3214
21.9405
22.3606
33.2132
13.545
13.4978
17.8222
20.4302
11.4514
25.7944
7.69562
15.8371
19.9118
16.9953
17.0703
20.0265
11.7861
12.6406
1.61234
6.88675
16.9501
20.5922
5.61507
24.1045
3.82724
9.41164
17.0317
30.2409
11.1647
20.7724
8.33671
19.6001
22.454
7.07793
12.2519
21.3974
1.67613
13.1642
15.8241
21.9458
18.5508
7.9175
29.1301
13.4496
14.8078
24.7355
21.1627
27.8112
24.5294
26.4031
22.4008
16.8623
33.556
3.34666
19.8354
5.53539
20.8119
21.8912
16.4567
23.5162
13.1746
28.4209
21.4281
30.5814
3.66669
14.2482
23.5792
13.4999
16.715
16.4548
5.04023
1.23352
14.8867
22.5014
23.1295
12.8557
7.2094
18.2277
11.9294
30.866
31.6209
15.7182
9.16727
16.1761
8.98288
22.8341
28.0509
18.5128
13.6256
28.5386
17.0846
21.3522
4.69896
15.4285
18.1622
15.0218
16.7067
16.17
10.2735
10.3815
19.7482
3.48101
18.1382
26.0571
28.1735
24.5616
10.3863
11.1834
6.06904
22.8968
16.8917
12.9084
8.88669
3.45315
15.8339
9.65823
11.6793
21.2446
6.92952
13.3009
14.7394
21.8597
22.802
3.71915
-0.075533
10.5386
15.1519
-2.796
13.18
18.3783
12.893
4.94971
18.7859
5.20434
11.6245
21.5097
12.3939
23.3411
29.8781
5.40348
-1.42128
4.08381
28.9868
11.6624
28.1297
28.2245
3.52898
19.7286
27.2931
6.98799
22.141
12.5464
8.71587
18.5341
14.5314
16.8533
24.9984
17.5568
14.2238
20.7161
27.6635
16.1679
17.0202
16.8489
25.1331
28.1295
2.60849
30.7005
2.02688
16.7112
9.43591
6.38753
17.2898
18.4424
11.2902
13.9781
16.271
16.6812
20.9405
12.6315
15.6403
24.4699
11.8283
10.4205
19.6832
24.5265
6.3939
15.9631
22.6533
11.6606
8.55305
24.8917
15.1789
13.1133
13.5429
18.6712
27.127
8.3425
19.8604
26.2986
8.67806
18.8621
14.5649
19.4636
21.0197
15.2798
22.1268
17.8334
15.1415
21.0405
17.6137
-2.2558
8.83007
19.3722
16.3287
12.3603
7.63581
28.0463
5.96656
9.45162
20.8425
20.0282
12.2485
13.1554
17.266
16.822
15.044
-1.15355
10.3034
19.207
8.95951
30.9703
24.0133
7.46665
17.8808
4.19019
2.13245
27.1033
9.54085
15.8563
11.9026
9.99248
17.7818
-16.5123
-23.4356
-14.9047
-15.2022
-17.0296
-15.1114
-19.4235
-27.2208
-12.0726
-14.0354
-27.0198
-25.0505
-19.0732
-26.536
-20.1328
-19.5382
-24.8785
-31.6165
-4.37153
-20.163
-28.1494
-11.9289
-25.21
-28.7571
-1.2734
-10.962
-12.0568
-13.4902
-16.8311
-20.1283
-18.8013
-12.6275
-15.0606
-16.5938
-26.4653
-30.0916
-16.6964
-19.7385
-22.0659
-25.4829
-11.3139
-17.0859
-21.6592
-26.6016
-17.8412
-25.2279
-22.5792
-17.1803
-15.5422
-12.4905
-13.5502
-34.6056
-35.0387
-6.07018
-17.6997
-19.6889
-13.4617
-20.1634
-7.06156
-10.5544
-15.0755
-23.8156
-16.1621
-20.4024
-13.2165
-16.3837
-23.3984
-26.9119
-26.374
-25.7745
-12.5222
-19.376
-14.415
-9.23706
-17.9861
-27.598
-8.37295
-14.2928
-25.5042
-16.6097
-23.1321
-10.3076
-16.0266
-14.7033
-20.8598
-23.4105
-31.7769
-25.373
-15.504
-17.484
-30.7262
-24.4026
-15.6758
-28.5747
-23.1785
-15.8658
-17.1452
-23.6331
-16.1183
-15.2038
-11.0577
-23.0587
-10.7708
-11.1425
-22.0215
-26.7824
-23.511
-18.8568
-17.4558
-20.359
-18.9438
-25.9232
-19.9369
-20.4448
-25.7897
-16.9613
-21.4592
-10.298
-31.1743
-23.4301
-14.8
-14.4888
-15.6964
-29.4228
-11.1333
-8.60901
-17.0314
-29.2987
-18.5461
-12.4593
-6.67666
-16.9115
-22.2143
-19.4792
-24.1703
-18.2673
-13.281
-22.1937
-25.437
-21.059
-16.6502
-15.6222
-23.186
-11.9139
-27.5772
-16.8046
-19.7711
-21.2327
-28.3521
-22.0096
-17.2137
-11.699
-5.85542
-3.44359
-34.1439
-21.9779
-22.0859
-22.7581
-7.25139
-18.648
-13.8645
-20.0119
-23.8633
-18.9409
-16.1328
-21.275
-8.26466
-28.3669
-30.0864
-16.8553
-11.4086
-19.0758
-21.6138
-25.1526
-18.5767
-16.449
-25.8105
-10.8426
-30.7227
-25.3944
-20.6322
-14.0778
-18.6286
-18.7865
-27.1763
-17.9574
-18.1052
-14.1729
-15.0367
-26.2019
-8.20283
-17.6382
-14.3479
-21.7671
-11.2932
-13.7015
-22.7583
-27.8939
-16.0451
-25.0768
-12.6895
-18.9958
-33.1386
-14.8067
-9.19427
-22.3553
-27.7319
-19.4358
-34.0097
-12.7994
-19.2478
-12.9829
-19.9042
-14.2436
-18.1935
-16.5225
-16.5785
-21.6754
-13.9152
-8.29274
-23.4672
-22.4551
-15.7515
-22.5758
-20.925
-22.8223
-12.9432
-13.844
-17.1305
-16.415
-35.4499
-25.985
-5.0825
-9.0427
-23.9064
-18.763
-26.7202
-15.6451
-22.5976
-20.8874
-20.1141
-16.1008
-11.3423
-28.6126
-27.3927
-0.909467
-3.35897
-19.1732
-22.9012
-22.3601
-10.8278
-24.6766
-25.1588
-17.5277
-16.7839
-12.5484
-17.2898
-25.3668
-14.8512
-10.4673
-11.4878
-15.4884
-26.5134
-37.2886
-9.87429
-21.9592
-6.02147
-10.5048
-18.7959
-18.5317
-9.97858
-19.0371
-15.8106
-14.2883
-15.9047
-4.73882
-16.4424
-18.6282
-21.6996
-18.2036
-21.0976
-25.6356
-13.9561
-15.693
-19.7606
-18.5608
-25.8533
-27.4925
-23.1965
-4.99225
-23.5086
-12.0879
-21.7757
-5.05783
-22.3401
-12.4086
-22.4026
-14.782
-11.9193
-12.497
157.713
166.612
210.515
183.732
195.734
182.239
170.855
189.677
183.891
194.91
179.531
188.007
137.963
168.604
192.944
182.209
179.175
176.882
159.893
161.645
196.853
180.174
152.737
185.619
163.161
193.286
176.204
175.315
173.328
162.64
178.741
151.526
180.678
194.193
172.636
176.059
179.848
178.979
192.231
187.755
189.488
200.72
188.088
189.289
196.268
196.099
193.279
171.027
193.671
168.772
159.591
155.647
178.905
200.005
172.594
173.157
175.497
190.741
182.337
150.468
196.721
195.4
165.039
187.255
206.383
177.188
153.209
196.214
174.914
153.649
169.141
168.988
167.031
184.144
182.254
163.626
190.079
175.314
169.266
175.876
191.151
176.255
184.545
195.642
168.54
174.685
166.621
210.158
203.56
163.8
177.988
168.858
185.444
168.212
155.476
177.603
146.823
158.113
175.507
163.18
154.035
205.783
173.93
169.416
156.223
202.369
165.203
173.296
183.012
182.704
194.87
173.247
187.998
188.766
180.438
175.351
155.455
188.067
204.431
186.405
174.342
172.691
191.607
188.53
190.553
176.217
179.523
192.285
186.495
197.69
182.877
195.272
192.778
186.508
189.216
188.711
175.695
199.508
173.483
187.447
195.764
166.158
181.528
180.744
176.806
165.16
172.388
174.075
172.783
205.673
183.434
194.503
189.565
200.382
192.735
193.036
159.231
201.525
182.504
198.374
165.583
167.6
197
176.577
194.658
189.723
191.845
181.358
172.705
168.789
170.835
186.399
177.991
205.293
172.447
199.827
181.61
176.028
175.301
165.841
181.316
176.554
196.971
203.662
176.014
165.348
173.427
165.722
183.333
190.031
165.182
132.796
179.495
170.971
191.263
191.764
170.154
191.162
166.438
178.261
165.11
192.676
190.138
195.903
159.719
184.57
163.05
174.367
175.69
187.917
184.698
169.443
208.919
149.789
189.298
184.935
220.494
160.073
185.349
161.537
155.164
138.112
180.844
184.246
165.968
199.591
212.584
165.859
165.262
173.038
192.632
172.003
158.786
192.456
166.385
175.314
202.752
178.929
178.184
195.956
173.511
173.067
186.653
168.15
189.3
202.779
193.293
192.557
206.867
186.56
176.13
168.926
141.013
185.585
164.706
176.113
155.792
179.039
207.735
177.368
183.067
180.641
184.533
164.165
181.539
185.081
195.684
172.849
189.276
201.038
159.088
175.896
175.355
159.906
205.659
173.964
173.248
192.317
192.066
206.825
162.125
177.355
162.383
176.435
204.19
185.433
182.865
145.058
176.979
182.149
167.052
168.195
142.798
177.929
175.046
143.529
171.172
178.694
188.519
201.585
-42.6962
-48.8512
-51.5914
-34.5826
-48.38
-49.2134
-48.694
-43.3759
-36.8197
-40.7118
-35.2311
-33.108
-35.185
-39.5506
-36.6741
-40.5212
-50.3667
-46.4867
-41.4047
-43.7389
-47.327
-48.0492
-46.6865
-36.0339
-47.3549
-35.9467
-41.896
-52.7533
-43.4678
-41.6239
-34.787
-47.4107
-45.6333
-49.6986
-38.238
-43.8409
-42.4248
-50.7531
-46.0736
-39.2613
-36.0038
-45.1978
-50.8703
-48.6791
-54.2304
-51.7429
-42.0262
-39.7196
-42.9245
-47.0556
-48.8253
-46.8702
-44.5259
-29.07
-40.724
-46.3145
-33.5362
-40.2922
-47.903
-45.4402
-51.6628
-36.3717
-45.3924
-43.5057
-42.4828
-42.0059
-50.9462
-43.6401
-47.8813
-47.3085
-45.9579
-40.3333
-45.9409
-39.6641
-37.5221
-41.8126
-43.6486
-44.2271
-45.1533
-43.0512
-39.3933
-38.0426
-54.2288
-43.1305
-42.6598
-46.5987
-44.4091
-49.6112
-43.5157
-52.5794
-51.6704
-40.5634
-37.4814
-50.3281
-40.9735
-47.0241
-51.4807
-45.7323
-49.813
-46.1883
-33.7091
-27.5312
-45.4612
-44.5255
-41.3714
-46.849
-43.0215
-36.6241
-46.3828
-48.0431
-43.9532
-40.6036
-40.9763
-45.9154
-38.8803
-43.7178
-47.8697
-46.9207
-38.5245
-52.029
-43.8902
-43.2845
-43.8135
-51.9414
-39.0454
-42.4674
-37.9381
-47.6524
-40.9251
-43.6109
-47.8118
-46.0723
-40.2464
-42.2197
-49.1206
-39.7829
-42.796
-41.8732
-50.8332
-45.4404
-35.065
-48.3536
-39.925
-37.6025
-50.1467
-41.079
-41.7186
-38.5124
-51.7327
-40.5597
-44.0601
-29.7039
-42.8612
-39.1734
-54.6736
-48.9576
-39.6838
-44.845
-41.2193
-44.4882
-43.6381
-39.4487
-53.6673
-34.9007
-51.8015
-43.7511
-45.1379
-49.279
-36.2573
-52.3508
-41.7968
-51.12
-45.2892
-40.0329
-39.8788
-42.2167
-51.1119
-46.0147
-47.528
-43.0254
-41.9012
-52.5258
-46.1458
-40.3478
-42.2272
-35.6861
-40.0179
-40.9093
-43.8168
-40.9162
-44.9941
-43.3357
-45.5889
-42.946
-40.4811
-34.6949
-45.3802
-44.7311
-47.9519
-37.0655
-46.5412
-49.7845
-46.9877
-44.3484
-45.2123
-48.364
-49.8546
-49.676
-50.1798
-39.1552
-49.4343
-40.2464
-43.5795
-42.7485
-44.9369
-51.3625
-41.4572
-52.338
-42.2802
-42.8865
-43.9905
-42.5049
-43.3347
-45.093
-44.2714
-34.9981
-49.3581
-40.3614
-43.5271
-39.737
-32.1887
-41.3078
-35.2231
-37.2416
-50.1725
-46.7799
-43.9419
-43.7436
-41.2982
-41.6128
-48.2316
-45.7813
-52.0255
-44.0773
-50.7886
-43.4005
-56.5314
-45.8929
-38.5206
-57.5456
-40.9306
-38.8812
-39.6091
-47.3183
-36.2584
-40.9948
-48.3551
-50.4721
-46.6037
-52.6918
-36.8907
-40.6246
-31.9825
-45.559
-43.2412
-42.754
-44.7084
-44.984
-42.2859
-50.4943
-40.3007
-41.8531
-49.4925
-51.3306
-39.6229
-44.1619
-42.2815
-39.5038
-40.0606
-46.9317
-53.6633
-46.6527
-42.6707
-42.867
-38.1838
-32.8613
-31.2708
-45.2301
-42.5813
-36.8905
-44.8882
-45.966
-46.2329
-47.7794
-48.8357
-41.271
-46.709
-44.4038
-46.0693
-42.2995
-215.526
-220.9
-218.124
-217.807
-213.554
-216.671
-215.472
-224.495
-212.687
-220.827
-218.874
-214.218
-215.797
-216.018
-215.344
-214.461
-211.422
-224.273
-211.962
-226.621
-212.923
-213.119
-221.063
-215.195
-217.19
-215.469
-215.907
-219.136
-217.502
-219.476
-222.33
-222.02
-221.9
-221.517
-215.976
-213.776
-216.531
-217.523
-220.472
-216.344
-216.468
-221.88
-215.045
-217.97
-219.49
-217.249
-219.793
-216.241
-216.258
-221.75
-213.571
-212.342
-219.725
-215.903
-218.95
-213.006
-216.638
-213.235
-218.34
-216.027
-214.44
-212.9
-219.208
-219.841
-218.589
-217.651
-220.573
-213.695
-213.493
-216.408
-215.091
-222.014
-216.535
-217.436
-218.575
-214.706
-216.366
-216.187
-216.815
-222.194
-216.77
-215.968
-214.812
-209.911
-217.622
-218.513
-214.818
-219.774
-221.89
-218.963
-216.783
-214.527
-219.506
-214.991
-210.647
-218.008
-222.311
-218.268
-223.22
-220.184
-215.671
-216.078
-220.236
-220.814
-217.434
-216.727
-210.427
-216.532
-216.867
-214.605
-216.816
-218.154
-217.597
-225.442
-217.696
-214.432
-214.71
-213.595
-217.741
-215.877
-219.211
-219.858
-219.321
-210.415
-216.765
-219.653
-214.926
-216.459
-211.425
-215.824
-217.875
-211.123
-218.71
-219.024
-222.66
-212.974
-221.166
-217.096
-218.158
-216.101
-217.988
-223.014
-219.735
-221.457
-215.909
-214.736
-219.323
-216.636
-222.898
-217.783
-220.541
-215.21
-210.679
-211.676
-223.034
-229.162
-213.973
-219.94
-214.977
-220.022
-213.641
-222.504
-219.486
-218.18
-220.188
-218.113
-223.013
-216.006
-218.829
-217.679
-213.985
-217.529
-216.05
-216.261
-224.504
-213.572
-223.304
-217.217
-219.606
-221.569
-216.283
-221.617
-219.151
-220.532
-214.8
-212.531
-223.092
-219.735
-223.832
-207.472
-218.757
-222.656
-218.918
-214.76
-216.836
-220.149
-217.801
-213.509
-220.588
-214.463
-219.028
-212.343
-222.068
-218.17
-220.213
-221.723
-209.627
-209.668
-218.122
-215.669
-214.037
-222.797
-218.877
-211.733
-221.613
-213.671
-214.966
-215.702
-209.921
-222.963
-214.64
-222.992
-220.833
-213.108
-217.375
-219.581
-212.167
-224.534
-220.028
-217.898
-216.526
-222.708
-216.356
-217.401
-210.125
-223.151
-223.132
-220.407
-219.857
-213.713
-215.981
-216.652
-214.933
-212.712
-217.646
-214.244
-210.891
-220.13
-222.533
-213.574
-220.582
-219.412
-216.477
-218.043
-217.503
-212.372
-215.614
-218.618
-211.355
-218.624
-215.542
-219.094
-216.595
-220.459
-215.567
-218.702
-218.797
-213.814
-217.052
-212.874
-215.222
-217.291
-215.606
-218.271
-208.127
-221.174
-217.341
-217.748
-217.677
-218.69
-220.15
-223.892
-219.977
-215.243
-219.025
-222.02
-216.024
-216.196
-219.226
-213.3
-220.025
-218.676
-218.567
-214.051
-216.546
-217.465
-215.614
-219.267
-226.288
-213.135
